{
    "0": {
        "left_arm": [
            [
                0.9877485730008455,
                0.1233638776953595,
                0.09557253902014863,
                -0.07719981851190066
            ],
            [
                -0.1146508218408374,
                0.9891497283514793,
                -0.09185860848834307,
                0.2548798799592301
            ],
            [
                -0.1058675851524631,
                0.07977573930812858,
                0.9911750026265935,
                -0.07292459277531746
            ],
            [
                0.0,
                0.0,
                0.0,
                1.0
            ]
        ],
        "right_arm": [
            [
                0.9953607848974523,
                -0.08054306522521225,
                -0.052628153420533,
                0.013722320572900213
            ],
            [
                0.08117354782366151,
                0.9966503075086777,
                0.009950863107179369,
                -0.22967137937881157
            ],
            [
                0.05165039227389938,
                -0.014176712841321713,
                0.9985645987070476,
                -0.09013863940055082
            ],
            [
                0.0,
                0.0,
                0.0,
                1.0
            ]
        ]
    },
    "1": {
        "left_arm": [
            [
                0.9877539648527284,
                0.1233276282881497,
                0.09556359672247187,
                -0.07720803843190661
            ],
            [
                -0.11461872920541494,
                0.9891564795966908,
                -0.0918259537778785,
                0.25487697204509113
            ],
            [
                -0.10585202800632124,
                0.07974807190585444,
                0.9911788906117036,
                -0.07292289859825375
            ],
            [
                0.0,
                0.0,
                0.0,
                1.0
            ]
        ],
        "right_arm": [
            [
                0.9951708180489253,
                -0.08090840305882316,
                -0.055577632356045965,
                0.015242136143069662
            ],
            [
                0.08157189144799531,
                0.9966195598645976,
                0.009771357167373868,
                -0.22959889894069394
            ],
            [
                0.05459917059286933,
                -0.01425774209918772,
                0.9984065541455565,
                -0.09014393220964191
            ],
            [
                0.0,
                0.0,
                0.0,
                1.0
            ]
        ]
    },
    "2": {
        "left_arm": [
            [
                0.9877564140726155,
                0.12331206147382487,
                0.09555836935341369,
                -0.07720423802926998
            ],
            [
                -0.11460207549722774,
                0.9891571173270522,
                -0.09183986897292361,
                0.2548756029118305
            ],
            [
                -0.10584720473463359,
                0.07976423218656198,
                0.9911781053441168,
                -0.07293055525786749
            ],
            [
                0.0,
                0.0,
                0.0,
                1.0
            ]
        ],
        "right_arm": [
            [
                0.9952163037889599,
                -0.07791491598728174,
                -0.058938735474525196,
                0.016918452889370862
            ],
            [
                0.07861149360848117,
                0.9968591973972843,
                0.009590288686255955,
                -0.2295367097690969
            ],
            [
                0.05800639400346265,
                -0.014177673685652273,
                0.9982155337518941,
                -0.09014069834932133
            ],
            [
                0.0,
                0.0,
                0.0,
                1.0
            ]
        ]
    },
    "3": {
        "left_arm": [
            [
                0.9877522448466963,
                0.1233540070667293,
                0.0955473272305072,
                -0.0771996320822731
            ],
            [
                -0.11464851884895719,
                0.9891548202639161,
                -0.09180663742017693,
                0.2548769288494208
            ],
            [
                -0.10583581589449105,
                0.07972785265665212,
                0.9911822484208983,
                -0.07292836929082748
            ],
            [
                0.0,
                0.0,
                0.0,
                1.0
            ]
        ],
        "right_arm": [
            [
                0.9956290286045689,
                -0.06859031210471359,
                -0.06338932469510049,
                0.019074268308990908
            ],
            [
                0.06932384933805476,
                0.9975495115479288,
                0.009443300452862475,
                -0.22948490490181941
            ],
            [
                0.06258627096159013,
                -0.013796416051508588,
                0.997944195629824,
                -0.09012900695591812
            ],
            [
                0.0,
                0.0,
                0.0,
                1.0
            ]
        ]
    },
    "4": {
        "left_arm": [
            [
                0.9877528099850138,
                0.12333810021193373,
                0.09556201862047814,
                -0.07720053625549451
            ],
            [
                -0.11462675171149099,
                0.9891532970176263,
                -0.09185021933142826,
                0.25488180093721086
            ],
            [
                -0.10585411734449354,
                0.07977134846089967,
                0.9911767944246617,
                -0.07292604152611525
            ],
            [
                0.0,
                0.0,
                0.0,
                1.0
            ]
        ],
        "right_arm": [
            [
                0.9960337661658492,
                -0.05565466649016645,
                -0.06942114055057962,
                0.02176077742863805
            ],
            [
                0.05644727512539224,
                0.9983603174814658,
                0.009506924277855511,
                -0.22943650476518201
            ],
            [
                0.06877820721997083,
                -0.013387851813303056,
                0.9975421412829796,
                -0.09008964718319418
            ],
            [
                0.0,
                0.0,
                0.0,
                1.0
            ]
        ]
    },
    "5": {
        "left_arm": [
            [
                0.9877511342088129,
                0.12333794705855688,
                0.09557953590902721,
                -0.07721021163015251
            ],
            [
                -0.11462698612438488,
                0.9891548341687654,
                -0.09183337134507587,
                0.25487828554974956
            ],
            [
                -0.10586949948518906,
                0.07975252256789854,
                0.9911766665044193,
                -0.07292390951009817
            ],
            [
                0.0,
                0.0,
                0.0,
                1.0
            ]
        ],
        "right_arm": [
            [
                0.9961444307430413,
                -0.04150864006552609,
                -0.07728716516688235,
                0.024997986137219708
            ],
            [
                0.04240058861461781,
                0.9990512926877824,
                0.009935022093831835,
                -0.22947834131431274
            ],
            [
                0.07680145301201202,
                -0.013173738223510591,
                0.9969593720089409,
                -0.09000351814289634
            ],
            [
                0.0,
                0.0,
                0.0,
                1.0
            ]
        ]
    },
    "6": {
        "left_arm": [
            [
                0.9877572905149397,
                0.12330671047119987,
                0.09555621480237049,
                -0.0772033190366904
            ],
            [
                -0.11460100638725097,
                0.9891608190746286,
                -0.09180132538607128,
                0.2548732815425139
            ],
            [
                -0.10584018315183666,
                0.07972659004611825,
                0.9911818836469942,
                -0.07292780280429774
            ],
            [
                0.0,
                0.0,
                0.0,
                1.0
            ]
        ],
        "right_arm": [
            [
                0.9957898366453994,
                -0.025417606619231356,
                -0.08807125812362677,
                0.0292091688008731
            ],
            [
                0.02648178461600366,
                0.9995894786384522,
                0.010935688312097088,
                -0.2296541051487554
            ],
            [
                0.08775714396720123,
                -0.013221931366398564,
                0.9960541472297892,
                -0.08984109796010863
            ],
            [
                0.0,
                0.0,
                0.0,
                1.0
            ]
        ]
    },
    "7": {
        "left_arm": [
            [
                0.9877462237889925,
                0.12337083698832148,
                0.09558783380423916,
                -0.07720461431498578
            ],
            [
                -0.11465809916574865,
                0.9891502242631331,
                -0.09184418400688932,
                0.2548780329484644
            ],
            [
                -0.10588162109772957,
                0.0797588266024207,
                0.991174864437513,
                -0.0729253669181724
            ],
            [
                0.0,
                0.0,
                0.0,
                1.0
            ]
        ],
        "right_arm": [
            [
                0.9949948728916622,
                -0.011081257233628973,
                -0.09930966044361753,
                0.033405453086788335
            ],
            [
                0.012358004859004072,
                0.9998485936091067,
                0.012250288722971703,
                -0.22989988830477104
            ],
            [
                0.09915887572582346,
                -0.013416243737107657,
                0.9949811665397377,
                -0.08962234962200485
            ],
            [
                0.0,
                0.0,
                0.0,
                1.0
            ]
        ]
    },
    "8": {
        "left_arm": [
            [
                0.9877451890512119,
                0.1233457053826284,
                0.09563094933047306,
                -0.07721557978683775
            ],
            [
                -0.11462965219408275,
                0.9891536905275148,
                -0.09184236143339057,
                0.2548752296226155
            ],
            [
                -0.105922067313895,
                0.07975470819619193,
                0.9911708743584485,
                -0.07292426289530476
            ],
            [
                0.0,
                0.0,
                0.0,
                1.0
            ]
        ],
        "right_arm": [
            [
                0.9939676224076768,
                0.0034252549835204755,
                -0.10962040518775897,
                0.03715568093786087
            ],
            [
                -0.001943474116454117,
                0.999905336077165,
                0.013621372646331583,
                -0.23019072208405003
            ],
            [
                0.10965668476472036,
                -0.013326158963085595,
                0.9938801864277712,
                -0.08937745218580717
            ],
            [
                0.0,
                0.0,
                0.0,
                1.0
            ]
        ]
    },
    "9": {
        "left_arm": [
            [
                0.9877459838900958,
                0.12336724880711158,
                0.09559494354175242,
                -0.07720942650306062
            ],
            [
                -0.11465206417524137,
                0.9891492994183136,
                -0.09186167666995582,
                0.2548778623219943
            ],
            [
                -0.10589039375383848,
                0.07977584460238193,
                0.9911725576954973,
                -0.07292400998942375
            ],
            [
                0.0,
                0.0,
                0.0,
                1.0
            ]
        ],
        "right_arm": [
            [
                0.9924447147042874,
                0.015510983075309676,
                -0.12170824811640024,
                0.041505864748673786
            ],
            [
                -0.013760729598781997,
                0.9997896551540575,
                0.01520814807397489,
                -0.23051622944665315
            ],
            [
                0.1219185407410825,
                -0.01341845188418542,
                0.9924494015175772,
                -0.08905803169947603
            ],
            [
                0.0,
                0.0,
                0.0,
                1.0
            ]
        ]
    },
    "10": {
        "left_arm": [
            [
                0.9877480478551157,
                0.12331834171488838,
                0.09563671133564845,
                -0.07721531591307372
            ],
            [
                -0.1146023022302779,
                0.9891573088357708,
                -0.09183752337849511,
                0.2548764578001694
            ],
            [
                -0.1059250031009118,
                0.07975214714015934,
                0.9911707666918989,
                -0.07292165419975333
            ],
            [
                0.0,
                0.0,
                0.0,
                1.0
            ]
        ],
        "right_arm": [
            [
                0.9904094710943735,
                0.02676141607784541,
                -0.1355466937113251,
                0.046310650498228675
            ],
            [
                -0.024645854061314157,
                0.9995471995697469,
                0.01726203087313202,
                -0.2309530337726351
            ],
            [
                0.1359472745006378,
                -0.013755814835370524,
                0.990620571214864,
                -0.08862997213850868
            ],
            [
                0.0,
                0.0,
                0.0,
                1.0
            ]
        ]
    },
    "11": {
        "left_arm": [
            [
                0.9877404352244364,
                0.12335526369635708,
                0.09566771420413092,
                -0.07722081417200048
            ],
            [
                -0.11463648745828935,
                0.9891530944352203,
                -0.09184024995857379,
                0.254880776000949
            ],
            [
                -0.10595899379413959,
                0.07974731774567771,
                0.991167522140684,
                -0.07292115060021812
            ],
            [
                0.0,
                0.0,
                0.0,
                1.0
            ]
        ],
        "right_arm": [
            [
                0.9884186054860146,
                0.03429207272420334,
                -0.14782663520949146,
                0.050634123544233176
            ],
            [
                -0.031824728873325867,
                0.999312389672336,
                0.019024575672120667,
                -0.2313346721944319
            ],
            [
                0.14837738022091315,
                -0.014099701970002631,
                0.9888302945617796,
                -0.0881940631067708
            ],
            [
                0.0,
                0.0,
                0.0,
                1.0
            ]
        ]
    },
    "12": {
        "left_arm": [
            [
                0.9877474764929721,
                0.12331595517231689,
                0.0956456893001709,
                -0.07722849325072477
            ],
            [
                -0.11460215178007793,
                0.9891598997962594,
                -0.09180980036156046,
                0.2548706440840675
            ],
            [
                -0.10593049366986676,
                0.07972369682216654,
                0.9911724686833598,
                -0.07292338852556603
            ],
            [
                0.0,
                0.0,
                0.0,
                1.0
            ]
        ],
        "right_arm": [
            [
                0.9863398311847701,
                0.03774293417609899,
                -0.16034091286436675,
                0.05477859895473008
            ],
            [
                -0.0347843505626315,
                0.9991695400057371,
                0.021219785122839677,
                -0.23183376707406522
            ],
            [
                0.16100865310391163,
                -0.01535256475323226,
                0.9868335788678667,
                -0.08770275280125878
            ],
            [
                0.0,
                0.0,
                0.0,
                1.0
            ]
        ]
    },
    "13": {
        "left_arm": [
            [
                0.9877377691545437,
                0.12337243824387999,
                0.09567309374827188,
                -0.07721862714172814
            ],
            [
                -0.11465577493960158,
                0.9891530487937119,
                -0.0918166615332112,
                0.2548743795294649
            ],
            [
                -0.105962977773395,
                0.07972131172945457,
                0.9911691882809569,
                -0.07292335534582015
            ],
            [
                0.0,
                0.0,
                0.0,
                1.0
            ]
        ],
        "right_arm": [
            [
                0.9838348340652281,
                0.039603558113374834,
                -0.17464414523426017,
                0.059461283518147834
            ],
            [
                -0.03599589880026344,
                0.999069020300258,
                0.023777887749844632,
                -0.2324290555783548
            ],
            [
                0.17542324403968262,
                -0.01710704127087895,
                0.9843444694767938,
                -0.08708626219516498
            ],
            [
                0.0,
                0.0,
                0.0,
                1.0
            ]
        ]
    },
    "14": {
        "left_arm": [
            [
                0.9877451408197441,
                0.1233282279532914,
                0.09565398568217083,
                -0.07722778142443953
            ],
            [
                -0.1146102642033965,
                0.9891559116417061,
                -0.09184263608745448,
                0.2548772805839871
            ],
            [
                -0.10594349496883523,
                0.07975418894431772,
                0.9911686260266828,
                -0.07292004331963164
            ],
            [
                0.0,
                0.0,
                0.0,
                1.0
            ]
        ],
        "right_arm": [
            [
                0.9816669112808126,
                0.03715771032238313,
                -0.18694753237201842,
                0.06344659726720354
            ],
            [
                -0.032872191020798705,
                0.9991220317868452,
                0.02597276757718216,
                -0.2329187263919393
            ],
            [
                0.1877484869549716,
                -0.019351231529906785,
                0.9820264942884155,
                -0.08651064660842175
            ],
            [
                0.0,
                0.0,
                0.0,
                1.0
            ]
        ]
    },
    "15": {
        "left_arm": [
            [
                0.9877409246369528,
                0.12335856436065017,
                0.09565840473380616,
                -0.07722192725249191
            ],
            [
                -0.11463901271025402,
                0.9891514725354873,
                -0.09185456518701451,
                0.25487670102436094
            ],
            [
                -0.10595169919428182,
                0.07976232807382556,
                0.9911670941158651,
                -0.07291932057243618
            ],
            [
                0.0,
                0.0,
                0.0,
                1.0
            ]
        ],
        "right_arm": [
            [
                0.979202320837353,
                0.035423187581110904,
                -0.19976989925495528,
                0.06750474791844364
            ],
            [
                -0.03037591966486998,
                0.9991385418863197,
                0.028275035310190204,
                -0.23343259196245575
            ],
            [
                0.20059939773402843,
                -0.02161878578626855,
                0.9794347909533706,
                -0.08586577145175048
            ],
            [
                0.0,
                0.0,
                0.0,
                1.0
            ]
        ]
    },
    "16": {
        "left_arm": [
            [
                0.9877440892038621,
                0.12333237017590994,
                0.09565950402142728,
                -0.0772197781490905
            ],
            [
                -0.11461316549437342,
                0.9891548786555107,
                -0.09185014059521944,
                0.2548794469764632
            ],
            [
                -0.10595016063316022,
                0.07976059489995412,
                0.9911673980529289,
                -0.0729207770588078
            ],
            [
                0.0,
                0.0,
                0.0,
                1.0
            ]
        ],
        "right_arm": [
            [
                0.9763356341968249,
                0.035329282920391954,
                -0.21335550418448296,
                0.07161092662830114
            ],
            [
                -0.029352727610884935,
                0.9990846780926341,
                0.03111628805527784,
                -0.23408509660917035
            ],
            [
                0.21425953136158307,
                -0.02411737483369071,
                0.9764789836201524,
                -0.08512586136117092
            ],
            [
                0.0,
                0.0,
                0.0,
                1.0
            ]
        ]
    },
    "17": {
        "left_arm": [
            [
                0.9877449454172906,
                0.1233597413869539,
                0.0956153596841909,
                -0.07722854778220074
            ],
            [
                -0.11464717753461477,
                0.989153582343308,
                -0.09182164897641014,
                0.25487130562598903
            ],
            [
                -0.1059053704301149,
                0.07973433853958035,
                0.9911742973724228,
                -0.072923256868898
            ],
            [
                0.0,
                0.0,
                0.0,
                1.0
            ]
        ],
        "right_arm": [
            [
                0.973394013620824,
                0.03477698603908807,
                -0.22648323445495944,
                0.07563295006226484
            ],
            [
                -0.02780863306084855,
                0.99903871934216,
                0.033886829041152866,
                -0.23475303155556518
            ],
            [
                0.22744400228282594,
                -0.026687047367858388,
                0.973425409226796,
                -0.08434712194920546
            ],
            [
                0.0,
                0.0,
                0.0,
                1.0
            ]
        ]
    },
    "18": {
        "left_arm": [
            [
                0.987742532402558,
                0.12335856913366383,
                0.09564179580223485,
                -0.0772222734854567
            ],
            [
                -0.11464322700339775,
                0.9891534782633918,
                -0.09182770247415127,
                0.2548724591093431
            ],
            [
                -0.10593214896918077,
                0.07973744327935854,
                0.9911711859986865,
                -0.07292432273160362
            ],
            [
                0.0,
                0.0,
                0.0,
                1.0
            ]
        ],
        "right_arm": [
            [
                0.9702322324973933,
                0.034344889461718806,
                -0.23972868745935696,
                0.0796536597187986
            ],
            [
                -0.026296123573357234,
                0.9989805240100992,
                0.03669368519953376,
                -0.23542876442539126
            ],
            [
                0.24074453038052288,
                -0.02929746092019022,
                0.9701462414891332,
                -0.08351711292989292
            ],
            [
                0.0,
                0.0,
                0.0,
                1.0
            ]
        ]
    },
    "19": {
        "left_arm": [
            [
                0.9877415752243014,
                0.12334530059067085,
                0.09566879008126226,
                -0.07722261354687375
            ],
            [
                -0.11462623995014735,
                0.9891541226575502,
                -0.09184196614001519,
                0.25487562370782324
            ],
            [
                -0.10595945303891868,
                0.07974997461924048,
                0.9911672592756097,
                -0.07292426436297325
            ],
            [
                0.0,
                0.0,
                0.0,
                1.0
            ]
        ],
        "right_arm": [
            [
                0.9669062273719009,
                0.034100962946887914,
                -0.2528427807858729,
                0.08357441861857233
            ],
            [
                -0.024901311973448904,
                0.9989093601185687,
                0.039497024312123825,
                -0.23609069980968828
            ],
            [
                0.2539139069279959,
                -0.03189380180546853,
                0.9667008395956602,
                -0.08264395065288974
            ],
            [
                0.0,
                0.0,
                0.0,
                1.0
            ]
        ]
    },
    "20": {
        "left_arm": [
            [
                0.987744557574722,
                0.12333695282364053,
                0.0956487587462376,
                -0.07721713926760632
            ],
            [
                -0.11462430975276823,
                0.9891585285679522,
                -0.09179691157650625,
                0.2548719417984706
            ],
            [
                -0.10593373681324687,
                0.07970822686186543,
                0.9911733662560345,
                -0.07293285988236686
            ],
            [
                0.0,
                0.0,
                0.0,
                1.0
            ]
        ],
        "right_arm": [
            [
                0.9638451540108234,
                0.033906875326255886,
                -0.2642968840063428,
                0.08700053172129052
            ],
            [
                -0.023630775744631044,
                0.9988396048244808,
                0.04196463120036262,
                -0.23668173925194358
            ],
            [
                0.26541308469546004,
                -0.03420186602636219,
                0.9635279585111975,
                -0.08182326079804439
            ],
            [
                0.0,
                0.0,
                0.0,
                1.0
            ]
        ]
    },
    "21": {
        "left_arm": [
            [
                0.9877490236446135,
                0.12334351812485592,
                0.09559415685958876,
                -0.07720666929978595
            ],
            [
                -0.11464859778250057,
                0.9891672750748176,
                -0.09167224742290539,
                0.25483468224219463
            ],
            [
                -0.10586578916542747,
                0.07958943684712996,
                0.9911901715749296,
                -0.07296592114622488
            ],
            [
                0.0,
                0.0,
                0.0,
                1.0
            ]
        ],
        "right_arm": [
            [
                0.9599852387258264,
                0.0337348834156913,
                -0.2780113290307577,
                0.091112566329665
            ],
            [
                -0.022081519633075006,
                0.9987454851413482,
                0.04494287930770828,
                -0.23739848469032326
            ],
            [
                0.27917870248142607,
                -0.037005588101026374,
                0.9595258404702214,
                -0.08078800551327248
            ],
            [
                0.0,
                0.0,
                0.0,
                1.0
            ]
        ]
    },
    "22": {
        "left_arm": [
            [
                0.9877557442427914,
                0.12335305629431077,
                0.09551237206886758,
                -0.07719858882416386
            ],
            [
                -0.11467543183387495,
                0.9891734562085863,
                -0.09157193274183009,
                0.25481733656689065
            ],
            [
                -0.10577398096452394,
                0.0794977800646821,
                0.9912073284211048,
                -0.07299643111307665
            ],
            [
                0.0,
                0.0,
                0.0,
                1.0
            ]
        ],
        "right_arm": [
            [
                0.9547908604875394,
                0.03360889710563126,
                -0.2953724001405803,
                0.09632126980981776
            ],
            [
                -0.020091556206961833,
                0.9986122820249648,
                0.048680997915764315,
                -0.23828425657432709
            ],
            [
                0.2965986212015264,
                -0.040545680709975045,
                0.9541411350932933,
                -0.07939578864585754
            ],
            [
                0.0,
                0.0,
                0.0,
                1.0
            ]
        ]
    },
    "23": {
        "left_arm": [
            [
                0.9877525980667805,
                0.1233461046169948,
                0.09555387741027893,
                -0.07720120889867615
            ],
            [
                -0.11466771612461364,
                0.9891765872954688,
                -0.09154776908944741,
                0.25480585416937934
            ],
            [
                -0.10581171906310881,
                0.07946960187583146,
                0.9912055601572292,
                -0.07300875549985801
            ],
            [
                0.0,
                0.0,
                0.0,
                1.0
            ]
        ],
        "right_arm": [
            [
                0.9503023831590985,
                0.033562549913991865,
                -0.309514031677739,
                0.1005839780734024
            ],
            [
                -0.018484414958759677,
                0.9985008363730815,
                0.05152092939659142,
                -0.2389236727199593
            ],
            [
                0.3107791932639153,
                -0.04323927619106254,
                0.949498108491377,
                -0.07820567463302033
            ],
            [
                0.0,
                0.0,
                0.0,
                1.0
            ]
        ]
    },
    "24": {
        "left_arm": [
            [
                0.9877577621833162,
                0.12333896687500297,
                0.09550969844373842,
                -0.07720114379930441
            ],
            [
                -0.11466671718440173,
                0.9891789594759028,
                -0.09152338553791707,
                0.25479520386661275
            ],
            [
                -0.10576458394358372,
                0.07945115090655827,
                0.9912120698432118,
                -0.07301277855317181
            ],
            [
                0.0,
                0.0,
                0.0,
                1.0
            ]
        ],
        "right_arm": [
            [
                0.945591714731098,
                0.033706159461547404,
                -0.3236050120845696,
                0.10473943264408153
            ],
            [
                -0.016952463949831093,
                0.9983724301444344,
                0.05445277489280031,
                -0.23960735943329364
            ],
            [
                0.32491371623545134,
                -0.046004190481401246,
                0.9446241006136884,
                -0.0769705649746887
            ],
            [
                0.0,
                0.0,
                0.0,
                1.0
            ]
        ]
    },
    "25": {
        "left_arm": [
            [
                0.9877555191253975,
                0.12335974315263126,
                0.09550606371656907,
                -0.07719494313646423
            ],
            [
                -0.11469022132593018,
                0.9891783208766391,
                -0.09150083409391438,
                0.25478818691305977
            ],
            [
                -0.10576004713276992,
                0.07942684229521965,
                0.9912145020899786,
                -0.07302040186641562
            ],
            [
                0.0,
                0.0,
                0.0,
                1.0
            ]
        ],
        "right_arm": [
            [
                0.9404597808797448,
                0.03387019375399787,
                -0.33821326189652695,
                0.10913279154548985
            ],
            [
                -0.015315480979407726,
                0.9982349044962027,
                0.057380410314204766,
                -0.24028697211124653
            ],
            [
                0.33955976880365474,
                -0.04878406933132712,
                0.9393185178572204,
                -0.07561880161770121
            ],
            [
                0.0,
                0.0,
                0.0,
                1.0
            ]
        ]
    },
    "26": {
        "left_arm": [
            [
                0.9877604931819686,
                0.12332447904430226,
                0.09550016218502265,
                -0.07719517609119023
            ],
            [
                -0.11465326382199234,
                0.9891807702354275,
                -0.09152066920325118,
                0.2547989554393791
            ],
            [
                -0.10575366283906583,
                0.07945109605850478,
                0.9912132394854414,
                -0.07301675776813933
            ],
            [
                0.0,
                0.0,
                0.0,
                1.0
            ]
        ],
        "right_arm": [
            [
                0.9350321821580992,
                0.03397382313396723,
                -0.35293143480047945,
                0.11355078365912763
            ],
            [
                -0.013481700938254694,
                0.9980856214451015,
                0.06036005305131152,
                -0.2409927810710709
            ],
            [
                0.35430645219706997,
                -0.05168047606405723,
                0.9337002015236572,
                -0.07419195753349744
            ],
            [
                0.0,
                0.0,
                0.0,
                1.0
            ]
        ]
    },
    "27": {
        "left_arm": [
            [
                0.9877632819896798,
                0.12332175020540119,
                0.09547483793782,
                -0.07719018206158283
            ],
            [
                -0.11465494739513915,
                0.9891826423220518,
                -0.09149832329928985,
                0.2547981719839904
            ],
            [
                -0.10572578583673053,
                0.07943202159733914,
                0.9912177420497301,
                -0.07302109164512283
            ],
            [
                0.0,
                0.0,
                0.0,
                1.0
            ]
        ],
        "right_arm": [
            [
                0.9294403571730988,
                0.03427556315620491,
                -0.3673769293631096,
                0.11780560330875392
            ],
            [
                -0.011751021878331215,
                0.9979206160320787,
                0.06337473931284716,
                -0.24168539457691235
            ],
            [
                0.36878521654583335,
                -0.05458598600814453,
                0.9279104666877949,
                -0.07271936391168482
            ],
            [
                0.0,
                0.0,
                0.0,
                1.0
            ]
        ]
    },
    "28": {
        "left_arm": [
            [
                0.9877698091123626,
                0.1233034589694413,
                0.09543092377367937,
                -0.07718479760903448
            ],
            [
                -0.11463784064735319,
                0.9891826175719681,
                -0.09152002286484288,
                0.2547982523457915
            ],
            [
                -0.10568334635995659,
                0.07946072048276814,
                0.9912199676169365,
                -0.07301842665998282
            ],
            [
                0.0,
                0.0,
                0.0,
                1.0
            ]
        ],
        "right_arm": [
            [
                0.9235467251675437,
                0.03465778817804474,
                -0.3819165931861448,
                0.12208433414527461
            ],
            [
                -0.010010351085869574,
                0.9977471500659679,
                0.06633564205144098,
                -0.24235471858814012
            ],
            [
                0.3833552390452531,
                -0.05744094579518218,
                0.9218130496161961,
                -0.07116779550876548
            ],
            [
                0.0,
                0.0,
                0.0,
                1.0
            ]
        ]
    },
    "29": {
        "left_arm": [
            [
                0.9877615518122078,
                0.12331743681313392,
                0.09549830647387503,
                -0.07719519107657768
            ],
            [
                -0.11464679955789822,
                0.9891819002817734,
                -0.09151655318067238,
                0.25479390777012023
            ],
