{
    "0": {
        "left_arm": [
            [
                0.9545650954473812,
                0.1720814759518632,
                -0.24329702872776804,
                0.2510765094454367
            ],
            [
                -0.10201399677159012,
                0.9557934186571332,
                0.27577542550850354,
                0.1704138637565423
            ],
            [
                0.27999754108959257,
                -0.23842589306939482,
                0.929921755040629,
                -0.045447963192958435
            ],
            [
                0.0,
                0.0,
                0.0,
                1.0
            ]
        ],
        "right_arm": [
            [
                -0.39400258378085107,
                0.8263379791801653,
                -0.4024021721343638,
                0.21858914742655575
            ],
            [
                -0.7422744497189611,
                -0.027886366150751764,
                0.6695154903938517,
                -0.21638246161019226
            ],
            [
                0.5420245430498761,
                0.5624836839832306,
                0.6243568690934906,
                -0.005877421315688108
            ],
            [
                0.0,
                0.0,
                0.0,
                1.0
            ]
        ]
    },
    "1": {
        "left_arm": [
            [
                0.9545683494511266,
                0.17206361291186054,
                -0.24329689545464606,
                0.2510657657047229
            ],
            [
                -0.10197912659624982,
                0.955780830056207,
                0.2758319463654167,
                0.17040438711023323
            ],
            [
                0.27999914993588393,
                -0.23848924086588355,
                0.9299050263475279,
                -0.045450895736197386
            ],
            [
                0.0,
                0.0,
                0.0,
                1.0
            ]
        ],
        "right_arm": [
            [
                -0.3940064626808754,
                0.8263221224056954,
                -0.4024309349300215,
                0.2185940806394725
            ],
            [
                -0.7421670006758642,
                -0.02775518625575578,
                0.6696400471474961,
                -0.2164696467369284
            ],
            [
                0.542168839452708,
                0.5625134662022372,
                0.6242047339356283,
                -0.005863874103260586
            ],
            [
                0.0,
                0.0,
                0.0,
                1.0
            ]
        ]
    },
    "2": {
        "left_arm": [
            [
                0.9545612361804795,
                0.17210270147578027,
                -0.24329715683980563,
                0.2510845418729438
            ],
            [
                -0.10203322201894446,
                0.9557894550598245,
                0.27578205017889884,
                0.1704048568917057
            ],
            [
                0.2800036928078402,
                -0.23842646191474304,
                0.9299197568999116,
                -0.04543701292841086
            ],
            [
                0.0,
                0.0,
                0.0,
                1.0
            ]
        ],
        "right_arm": [
            [
                -0.3940311045805821,
                0.8262759252427228,
                -0.4025016571236555,
                0.21860963398815483
            ],
            [
                -0.7418535494664569,
                -0.027395723244269095,
                0.6700020787221058,
                -0.21670123066663463
            ],
            [
                0.5425797635067362,
                0.5625989421534723,
                0.6237704950707177,
                -0.0058380660767261006
            ],
            [
                0.0,
                0.0,
                0.0,
                1.0
            ]
        ]
    },
    "3": {
        "left_arm": [
            [
                0.9545335162062988,
                0.17210622987356622,
                -0.24340339372643705,
                0.2511007023193158
            ],
            [
                -0.10200583073546016,
                0.9557888819054431,
                0.2757941691223943,
                0.17040533331615448
            ],
            [
                0.2801081522105494,
                -0.23842621262069805,
                0.9298883611490906,
                -0.04541222664038144
            ],
            [
                0.0,
                0.0,
                0.0,
                1.0
            ]
        ],
        "right_arm": [
            [
                -0.3939592746887639,
                0.8262241998775066,
                -0.4026781114283182,
                0.21864371346262002
            ],
            [
                -0.7412410491466794,
                -0.026551019906039752,
                0.670713612804958,
                -0.21719215870620592
            ],
            [
                0.5434683035344685,
                0.5627153942080518,
                0.6228913132920089,
                -0.005770771683701756
            ],
            [
                0.0,
                0.0,
                0.0,
                1.0
            ]
        ]
    },
    "4": {
        "left_arm": [
            [
                0.9545034545228179,
                0.17216223422281207,
                -0.24348166339873906,
                0.2511148977572978
            ],
            [
                -0.10203696972848346,
                0.9557809180946953,
                0.2758102489297488,
                0.17039812087273642
            ],
            [
                0.28019923645976585,
                -0.2384177042785856,
                0.9298631007701581,
                -0.04539404141173317
            ],
            [
                0.0,
                0.0,
                0.0,
                1.0
            ]
        ],
        "right_arm": [
            [
                -0.39388642335756774,
                0.8261563063658495,
                -0.4028886235009865,
                0.21867379128009423
            ],
            [
                -0.740536860296861,
                -0.025583768092716456,
                0.6715285767201908,
                -0.2177791821587936
            ],
            [
                0.5444801594514259,
                0.5628598655634588,
                0.6218762961406674,
                -0.005697448516775588
            ],
            [
                0.0,
                0.0,
                0.0,
                1.0
            ]
        ]
    },
    "5": {
        "left_arm": [
            [
                0.9545099418750632,
                0.17211684419390696,
                -0.243488321704335,
                0.251104419868841
            ],
            [
                -0.10199499495274067,
                0.9557903640656398,
                0.275793040093224,
                0.17040429292112397
            ],
            [
                0.28019241935900746,
                -0.23841260852564514,
                0.9298664615038783,
                -0.045392947660417904
            ],
            [
                0.0,
                0.0,
                0.0,
                1.0
            ]
        ],
        "right_arm": [
            [
                -0.393795179931612,
                0.8261192351949501,
                -0.403053799763183,
                0.2187124412946538
            ],
            [
                -0.7397991284202895,
                -0.02460285379758213,
                0.6723778321551024,
                -0.21835373091499968
            ],
            [
                0.5455479867538782,
                0.5629579991668346,
                0.6208507754065103,
                -0.0056325369858134244
            ],
            [
                0.0,
                0.0,
                0.0,
                1.0
            ]
        ]
    },
    "6": {
        "left_arm": [
            [
                0.9545079925136719,
                0.17213224969189994,
                -0.24348507314315104,
                0.2511056175001861
            ],
            [
                -0.10199837765662667,
                0.9557776707506994,
                0.2758357755074279,
                0.17039889952398196
            ],
            [
                0.2801978286549277,
                -0.23845236989884033,
                0.9298546360086023,
                -0.04539492266383524
            ],
            [
                0.0,
                0.0,
                0.0,
                1.0
            ]
        ],
        "right_arm": [
            [
                -0.3936549015165932,
                0.8260974653991564,
                -0.4032354103660177,
                0.2187462673035674
            ],
            [
                -0.7388441121814495,
                -0.02334087041822995,
                0.6734720348039144,
                -0.2191369940980743
            ],
            [
                0.5469416755073313,
                0.5630436763069174,
                0.6195454964439854,
                -0.0055599095302495405
            ],
            [
                0.0,
                0.0,
                0.0,
                1.0
            ]
        ]
    },
    "7": {
        "left_arm": [
            [
                0.9545148611824299,
                0.1721493617877316,
                -0.24344604539397063,
                0.2511033878009731
            ],
            [
                -0.10203166273634415,
                0.9557799884199061,
                0.27581543382360135,
                0.1703916900786109
            ],
            [
                0.28016230935146047,
                -0.2384307257299722,
                0.9298708885897735,
                -0.04539252876094038
            ],
            [
                0.0,
                0.0,
                0.0,
                1.0
            ]
        ],
        "right_arm": [
            [
                -0.3934955104674942,
                0.8260772837470624,
                -0.40343227996654113,
                0.21878744599552452
            ],
            [
                -0.7377577121911221,
                -0.02191642432057323,
                0.6747097364404357,
                -0.2199611913547582
            ],
            [
                0.5485205933640485,
                0.5631305280501814,
                0.6180689015259351,
                -0.005470092282979538
            ],
            [
                0.0,
                0.0,
                0.0,
                1.0
            ]
        ]
    },
    "8": {
        "left_arm": [
            [
                0.9545095231194487,
                0.1721448234501072,
                -0.2434701830483853,
                0.2511086180292873
            ],
            [
                -0.1020133995387433,
                0.955774734247887,
                0.2758403953157148,
                0.1703882221212128
            ],
            [
                0.2801871456523865,
                -0.23845506313079712,
                0.9298571644497104,
                -0.04539096048697208
            ],
            [
                0.0,
                0.0,
                0.0,
                1.0
            ]
        ],
        "right_arm": [
            [
                -0.39334351945515733,
                0.8260206729422521,
                -0.4036963259365376,
                0.21883374720077067
            ],
            [
                -0.7367018352115366,
                -0.02047828797359614,
                0.6759075718747531,
                -0.2208190674041898
            ],
            [
                0.550046617750336,
                0.563267687333207,
                0.6165859475431761,
                -0.005383633605319613
            ],
            [
                0.0,
                0.0,
                0.0,
                1.0
            ]
        ]
    },
    "9": {
        "left_arm": [
            [
                0.9545227872045532,
                0.1720998280891925,
                -0.24344999050918392,
                0.25109487357495774
            ],
            [
                -0.10198184044571734,
                0.955786062367725,
                0.27581281189042606,
                0.17039937943215416
            ],
            [
                0.28015344532337205,
                -0.23844213586375562,
                0.9298706334314331,
                -0.045405807292939304
            ],
            [
                0.0,
                0.0,
                0.0,
                1.0
            ]
        ],
        "right_arm": [
            [
                -0.393212638924055,
                0.8260239434866588,
                -0.40381711872719067,
                0.21885757490016375
            ],
            [
                -0.7360495730635438,
                -0.019592098858525024,
                0.676644053883054,
                -0.22132971313318855
            ],
            [
                0.5510125648144114,
                0.5632944118745249,
                0.6156984318378413,
                -0.005329704566347543
            ],
            [
                0.0,
                0.0,
                0.0,
                1.0
            ]
        ]
    },
    "10": {
        "left_arm": [
            [
                0.9545155348451274,
                0.17211587053181482,
                -0.24346708371029535,
                0.2511009786401409
            ],
            [
                -0.10197430873347245,
                0.9557684692657068,
                0.2758765548498432,
                0.1703801717694624
            ],
            [
                0.2801808953116731,
                -0.23850106974301732,
                0.9298472485488063,
                -0.04539643744236577
            ],
            [
                0.0,
                0.0,
                0.0,
                1.0
            ]
        ],
        "right_arm": [
            [
                -0.39312404904803216,
                0.8259649495154895,
                -0.40402398967382536,
                0.21890595551682435
            ],
            [
                -0.7352513532629518,
                -0.018526265990327632,
                0.6775413086989264,
                -0.2219768757836607
            ],
            [
                0.5521403169349968,
                0.5634169678314014,
                0.6145749675788876,
                -0.005245807364088834
            ],
            [
                0.0,
                0.0,
                0.0,
                1.0
            ]
        ]
    },
    "11": {
        "left_arm": [
            [
                0.954520520547496,
                0.17212915365512052,
                -0.24343814474258035,
                0.25109954412871366
            ],
            [
                -0.10199410352426357,
                0.9557654583628218,
                0.2758796684186552,
                0.17037242535424219
            ],
            [
                0.2801567038284455,
                -0.23850354937081591,
                0.9298539015552408,
                -0.04540161092493983
            ],
            [
                0.0,
                0.0,
                0.0,
                1.0
            ]
        ],
        "right_arm": [
            [
                -0.3930138422100429,
                0.8259562234220456,
                -0.40414902798558305,
                0.21892625604654262
            ],
            [
                -0.7345021903683873,
                -0.017559374752749848,
                0.6783790980729973,
                -0.22254831831478142
            ],
            [
                0.553214833654468,
                0.5634607220993176,
                0.6135677325902779,
                -0.005190589181398905
            ],
            [
                0.0,
                0.0,
                0.0,
                1.0
            ]
        ]
    },
    "12": {
        "left_arm": [
            [
                0.9545200884333421,
                0.1721448490162769,
                -0.24342874056768338,
                0.25109771464725295
            ],
            [
                -0.10201346103081577,
                0.9557645674240616,
                0.275875597734215,
                0.17037355937315438
            ],
            [
                0.2801511280464877,
                -0.23849579160618203,
                0.9298575712658478,
                -0.04539869663751325
            ],
            [
                0.0,
                0.0,
                0.0,
                1.0
            ]
        ],
        "right_arm": [
            [
                -0.3930069147965457,
                0.8259290325463491,
                -0.40421132853886294,
                0.2189381441010259
            ],
            [
                -0.734146714841457,
                -0.017139962578830926,
                0.6787745006777237,
                -0.22283635217064415
            ],
            [
                0.5536913996167878,
                0.5635134913024252,
                0.6130892097489195,
                -0.005157321358635281
            ],
            [
                0.0,
                0.0,
                0.0,
                1.0
            ]
        ]
    },
    "13": {
        "left_arm": [
            [
                0.9545223055632406,
                0.17214570205149368,
                -0.24341944344574085,
                0.2510901836984066
            ],
            [
                -0.1020103726590047,
                0.9557588320156232,
                0.2758966090659737,
                0.17036192828657928
            ],
            [
                0.2801446984188829,
                -0.23851815924438557,
                0.9298537711159014,
                -0.0454098937639458
            ],
            [
                0.0,
                0.0,
                0.0,
                1.0
            ]
        ],
        "right_arm": [
            [
                -0.39290904537209775,
                0.8259421052648495,
                -0.4042797556339601,
                0.21895072580125086
            ],
            [
                -0.7338038267927836,
                -0.016645898441355163,
                0.6791574617490016,
                -0.2231155371686205
            ],
            [
                0.5542151440091233,
                0.5635091417321886,
                0.6126198016185886,
                -0.005129154991175833
            ],
            [
                0.0,
                0.0,
                0.0,
                1.0
            ]
        ]
    },
    "14": {
        "left_arm": [
            [
                0.9545179603084131,
                0.17214060091202668,
                -0.2434400890698019,
                0.25109422044582197
            ],
            [
                -0.1020075322665489,
                0.9557663875838742,
                0.27587148407503187,
                0.17036244864601646
            ],
            [
                0.2801605375665098,
                -0.23849156354579504,
                0.9298558207098166,
                -0.04539938273504386
            ],
            [
                0.0,
                0.0,
                0.0,
                1.0
            ]
        ],
        "right_arm": [
            [
                -0.3929060396430958,
                0.8259239916057964,
                -0.4043196805770487,
                0.2189637384037767
            ],
            [
                -0.733427354295715,
                -0.016227701586062966,
                0.6795741149220014,
                -0.2233706448745229
            ],
            [
                0.5547153864665789,
                0.563547887753279,
                0.6121312099754855,
                -0.005102031079244007
            ],
            [
                0.0,
                0.0,
                0.0,
                1.0
            ]
        ]
    },
    "15": {
        "left_arm": [
            [
                0.9545386600138098,
                0.17211023034426245,
                -0.2433803918763488,
                0.25108002815364655
            ],
            [
                -0.10197867676757705,
                0.9557562642947786,
                0.27591722082179543,
                0.17034576038551297
            ],
            [
                0.28010051057392643,
                -0.23855404392324653,
                0.9298578773684134,
                -0.045408945185517
            ],
            [
                0.0,
                0.0,
                0.0,
                1.0
            ]
        ],
        "right_arm": [
            [
                -0.39286922031547106,
                0.8259104943600706,
                -0.4043830251563708,
                0.21898011428279268
            ],
            [
                -0.733155565437408,
                -0.015866124801065234,
                0.6798758584859088,
                -0.22358114944103097
            ],
            [
                0.5551006148410111,
                0.5635779638964791,
                0.6117541875732692,
                -0.005076237319099466
            ],
            [
                0.0,
                0.0,
                0.0,
                1.0
            ]
        ]
    },
    "16": {
        "left_arm": [
            [
                0.9545361991676582,
                0.17209970043263956,
                -0.24339748887274204,
                0.2510815210528653
            ],
            [
                -0.10197378365210562,
                0.9557664093976685,
                0.2758838852031081,
                0.17035989544329275
            ],
            [
                0.2801106779939574,
                -0.23852099232160667,
                0.9298632933370806,
                -0.04540420433098416
            ],
            [
                0.0,
                0.0,
                0.0,
                1.0
            ]
        ],
        "right_arm": [
            [
                -0.3927811024840223,
                0.8259010852363803,
                -0.4044878279216882,
                0.21899232563764812
            ],
            [
                -0.7327568468947656,
                -0.015295332779266018,
                0.680318643081323,
                -0.22389740046454956
            ],
            [
                0.5556891296941817,
                0.5636075320651251,
                0.6111923927366752,
                -0.00503918249832537
            ],
            [
                0.0,
                0.0,
                0.0,
                1.0
            ]
        ]
    },
    "17": {
        "left_arm": [
            [
                0.954527352280129,
                0.17211166103724468,
                -0.2434237249819487,
                0.2510836952563196
            ],
            [
                -0.10198063776487595,
                0.9557672269144917,
                0.27587851941978286,
                0.17035603331064142
            ],
            [
                0.2801383288130276,
                -0.2385090859719666,
                0.9298580174621613,
                -0.04539816043257808
            ],
            [
                0.0,
                0.0,
                0.0,
                1.0
            ]
        ],
        "right_arm": [
            [
                -0.39282578178944594,
                0.8258853689118568,
                -0.40447652908276027,
                0.21899559140017155
            ],
            [
                -0.732719147053386,
                -0.015306882464175605,
                0.6803589867787351,
                -0.2239117890252671
            ],
            [
                0.5557072580980653,
                0.563630248271466,
                0.6111549611437155,
                -0.005035419069236907
            ],
            [
                0.0,
                0.0,
                0.0,
                1.0
            ]
        ]
    },
    "18": {
        "left_arm": [
            [
                0.9545396883250119,
                0.1721087907590372,
                -0.24337737683657368,
                0.251071747676256
            ],
            [
                -0.10198468972866678,
                0.9557620243741398,
                0.27589504494498135,
                0.1703523738195059
            ],
            [
                0.2800948169340827,
                -0.2385320039485429,
                0.9298652464841103,
                -0.04541318136191251
            ],
            [
                0.0,
                0.0,
                0.0,
                1.0
            ]
        ],
        "right_arm": [
            [
                -0.3927555247316187,
                0.8259007242781283,
                -0.40451340080355114,
                0.21899534892034067
            ],
            [
                -0.732757612294696,
                -0.015251871057293039,
                0.6803187944290732,
                -0.22391993420599568
            ],
            [
                0.5557061988289917,
                0.5636092388047904,
                0.6111752993347472,
                -0.0050280750308811795
            ],
            [
                0.0,
                0.0,
                0.0,
                1.0
            ]
        ]
    },
    "19": {
        "left_arm": [
            [
                0.9545324386583118,
                0.17212591817513614,
                -0.2433936972096496,
                0.25107488405562517
            ],
            [
                -0.10198461225983288,
                0.9557495410689766,
                0.2759383148615868,
                0.17034103779996415
            ],
            [
                0.28011955021245466,
                -0.23856966076768227,
                0.9298481352080914,
                -0.04540445254755002
            ],
            [
                0.0,
                0.0,
                0.0,
                1.0
            ]
        ],
        "right_arm": [
            [
                -0.39279371612464936,
                0.8258734205183291,
                -0.4045320628261047,
                0.2190099825774117
            ],
            [
                -0.7327571232799626,
                -0.01527060295470073,
                0.6803189009338738,
                -0.22390179970878168
            ],
            [
                0.5556798492436651,
                0.563648739878619,
                0.6111628286944346,
                -0.005021970356068994
            ],
            [
                0.0,
                0.0,
                0.0,
                1.0
            ]
        ]
    },
    "20": {
        "left_arm": [
            [
                0.9545364670271353,
                0.1721031044654062,
                -0.24339403145665728,
                0.25106880689426364
            ],
            [
                -0.1019586331430839,
                0.9557493892551776,
                0.2759484409558221,
                0.17033999037030778
            ],
            [
                0.2801152802739417,
                -0.23858672714911083,
                0.9298450426739537,
                -0.045412590332963854
            ],
            [
                0.0,
                0.0,
                0.0,
                1.0
            ]
        ],
        "right_arm": [
            [
                -0.39287083253973987,
                0.8257778327172033,
                -0.4046522951033522,
                0.21906941211301603
            ],
            [
                -0.7328051090568358,
                -0.015290119485820677,
                0.6802667744247903,
                -0.22386568406509694
            ],
            [
                0.5555620407116841,
                0.5637882432607019,
                0.6111412567330741,
                -0.005000552214635828
            ],
            [
                0.0,
                0.0,
                0.0,
                1.0
            ]
        ]
    },
    "21": {
        "left_arm": [
            [
                0.9545344260138319,
                0.17209060377881136,
                -0.24341087413155693,
                0.2510723967321814
            ],
            [
                -0.1019468817340572,
                0.9557555230407568,
                0.27593153767156015,
                0.17034604125645292
            ],
            [
                0.28012651223892865,
                -0.23857117233256336,
                0.9298456500262394,
                -0.04540529352686001
            ],
            [
                0.0,
                0.0,
                0.0,
                1.0
            ]
        ],
        "right_arm": [
            [
                -0.3928176725970122,
                0.8257888961659776,
                -0.4046813253220898,
                0.21908082269206128
            ],
            [
                -0.7328205681076897,
                -0.015233720687229804,
                0.6802513864097202,
                -0.22385696730248156
            ],
            [
                0.555579239221364,
                0.5637735651154636,
                0.6111391627307241,
                -0.0050031919137222824
            ],
            [
                0.0,
                0.0,
                0.0,
                1.0
            ]
        ]
    },
    "22": {
        "left_arm": [
            [
                0.9545412867542239,
                0.1720911714458909,
                -0.24338356680756296,
                0.25106958043703753
            ],
            [
                -0.10195707836059548,
                0.9557569396894214,
                0.2759228631478063,
                0.17035013560058726
            ],
            [
                0.2800994217305025,
                -0.23856508744133662,
                0.929855372087695,
                -0.04541042309583662
            ],
            [
                0.0,
                0.0,
                0.0,
                1.0
            ]
        ],
        "right_arm": [
            [
                -0.39284752757468455,
                0.8257708904853278,
                -0.40468908621993543,
                0.21908152095651845
            ],
            [
                -0.7327972759105991,
                -0.015230743866392064,
                0.6802765443988804,
                -0.22386364045181942
            ],
            [
                0.5555888520268049,
                0.5638000185068682,
                0.6111060191449532,
                -0.004993999386335213
            ],
            [
                0.0,
                0.0,
                0.0,
                1.0
            ]
        ]
    },
    "23": {
        "left_arm": [
            [
                0.9545292652505467,
                0.1720649556109459,
                -0.24344924076869573,
                0.2510616858053848
            ],
            [
                -0.10190396744906426,
                0.9557530309550741,
                0.2759560204784974,
                0.17034871679749136
            ],
            [
                0.2801597101625985,
                -0.23859965396201227,
                0.9298283400342324,
                -0.045408677853507703
            ],
            [
                0.0,
                0.0,
                0.0,
                1.0
            ]
        ],
        "right_arm": [
            [
                -0.39286413862482783,
                0.8257763202841936,
                -0.40466188038962747,
                0.2190779289156613
            ],
            [
                -0.7327872810457045,
                -0.0152580656902149,
                0.6802866985095599,
                -0.22387570201658646
            ],
            [
                0.5555902890801961,
                0.5637913269014434,
                0.6111127313274481,
                -0.004993786900156616
            ],
            [
                0.0,
                0.0,
                0.0,
                1.0
            ]
        ]
    },
    "24": {
        "left_arm": [
            [
                0.9545578059215252,
                0.17206464863103696,
                -0.24333752658758134,
                0.2510460471450715
            ],
            [
                -0.10193451595743218,
                0.955751837114667,
                0.2759488726348835,
                0.1703448187723852
            ],
            [
                0.2800513338850719,
                -0.23860465742188885,
                0.9298597033132339,
                -0.04542338347826719
            ],
            [
                0.0,
                0.0,
                0.0,
                1.0
            ]
        ],
        "right_arm": [
            [
                -0.39284087356662,
                0.825787700408703,
                -0.404661243398872,
                0.21907433626463546
            ],
            [
                -0.732774824365442,
                -0.015224869821487415,
                0.6803008599988059,
                -0.22387377775554487
            ],
            [
                0.5556231680119277,
                0.5637755556891636,
                0.6110973882907407,
                -0.00500108283633921
            ],
            [
                0.0,
                0.0,
                0.0,
                1.0
            ]
        ]
    },
    "25": {
        "left_arm": [
            [
                0.9545588895378767,
                0.1720763426740607,
                -0.24332500631076787,
                0.2510520397601128
            ],
            [
                -0.10194530644276062,
                0.9557467220184767,
                0.27596260225840163,
                0.17032293234664475
            ],
            [
                0.2800437124780837,
                -0.23861671283222483,
                0.9298589051348793,
                -0.04542254873768739
            ],
            [
                0.0,
                0.0,
                0.0,
                1.0
            ]
        ],
        "right_arm": [
            [
                -0.3928200359810072,
                0.8257943239002308,
                -0.4046679551756489,
                0.21907057253679812
            ],
            [
                -0.7328092382742877,
                -0.015235379344783057,
                0.6802635544523015,
                -0.22387720374413766
            ],
            [
                0.5555925122171274,
                0.5637655699228016,
                0.6111344717309601,
                -0.005000310662270163
            ],
            [
                0.0,
                0.0,
                0.0,
                1.0
            ]
        ]
    },
    "26": {
        "left_arm": [
            [
                0.954553309551061,
                0.17207833588216379,
                -0.24334548597650557,
                0.2510502116343035
            ],
            [
                -0.1019284234627849,
                0.9557354679625977,
                0.2760078110646613,
                0.1703220851006198
            ],
            [
                0.2800688767348267,
                -0.23866034777134598,
                0.929840127487598,
                -0.045423364867892085
            ],
            [
                0.0,
                0.0,
                0.0,
                1.0
            ]
        ],
        "right_arm": [
            [
                -0.39286150739995873,
                0.8257634640021382,
                -0.40469066893446043,
                0.21907717903079504
            ],
            [
                -0.7328069707384837,
                -0.015251946241753508,
                0.6802656258939779,
                -0.22387132803804313
            ],
            [
                0.5555661793526663,
                0.5638103224090774,
                0.6111171251932426,
                -0.00499670306508232
            ],
            [
                0.0,
                0.0,
                0.0,
                1.0
            ]
        ]
    },
    "27": {
        "left_arm": [
            [
                0.9545470975585154,
                0.17210990172447488,
                -0.2433475298231026,
                0.25104797881380686
            ],
            [
                -0.10196672805867901,
                0.9557383087118567,
                0.27598382494198276,
                0.17031733483710035
            ],
            [
                0.2800761055706497,
                -0.23862620767424342,
                0.9298467121517326,
                -0.045423732541974154
            ],
            [
                0.0,
                0.0,
                0.0,
                1.0
            ]
        ],
        "right_arm": [
            [
                -0.39287393861281267,
                0.825757649512939,
                -0.40469046520732666,
                0.21907848646792213
            ],
            [
                -0.7327722130864457,
                -0.015228105970541233,
                0.6803036002528156,
                -0.22388159756753648
            ],
            [
                0.55560323261051,
                0.563819482688756,
                0.6110749862769175,
                -0.004996606110063445
            ],
            [
                0.0,
                0.0,
                0.0,
                1.0
            ]
        ]
    },
    "28": {
        "left_arm": [
            [
                0.9545557801052321,
                0.17209339091261147,
                -0.24332514763560859,
                0.25104384277743924
            ],
            [
                -0.10195846994696856,
                0.9557416078411066,
                0.2759754508056274,
                0.17032700341979304
            ],
            [
                0.28004951896720826,
                -0.23862490198111191,
                0.9298550548772322,
                -0.04541708846485645
            ],
            [
                0.0,
                0.0,
                0.0,
                1.0
            ]
        ],
        "right_arm": [
            [
                -0.39290551184398453,
                0.825735815977101,
                -0.40470436243664054,
                0.21908097444861546
            ],
            [
                -0.7327537895749743,
                -0.015226568676087213,
                0.680323478552568,
                -0.22389489329685122
            ],
            [
                0.555605203922831,
                0.563851499793149,
                0.6110436511043101,
                -0.004983574503246657
            ],
            [
                0.0,
                0.0,
                0.0,
                1.0
            ]
        ]
    },
    "29": {
        "left_arm": [
            [
                0.9545518539117809,
                0.17214916784474996,
                -0.24330109371711145,
                0.2510362195947177
            ],
            [
                -0.1019827591220725,
                0.9557028264982951,
                0.27610075020727165,
                0.17026551396387574
            ],
            [
                0.2800540573450631,
                -0.23873996614209572,
                0.9298241519400532,
                -0.04542936887164099
            ],
            [
