{
    "0": {
        "left_arm": [
            [
                0.9807892654403254,
                0.07228341592244611,
                -0.18118367636078525,
                0.0705149092680513
            ],
            [
                -0.0330933533679803,
                0.9770044761932862,
                0.2106349530850584,
                0.1559805865532574
            ],
            [
                0.19224267673929507,
                -0.20059252548603448,
                0.960627603163289,
                -0.07924924184163308
            ],
            [
                0.0,
                0.0,
                0.0,
                1.0
            ]
        ],
        "right_arm": [
            [
                0.7351028803372566,
                -0.6624531855334598,
                0.14415107455874435,
                -0.10203479211724549
            ],
            [
                0.6772817571769162,
                0.7081023600035782,
                -0.1997009493034822,
                -0.17418503940017424
            ],
            [
                0.030218813928049117,
                0.24443163611516117,
                0.9691955419577865,
                -0.08746917067811619
            ],
            [
                0.0,
                0.0,
                0.0,
                1.0
            ]
        ]
    },
    "1": {
        "left_arm": [
            [
                0.9807937076404912,
                0.07220231868296431,
                -0.18119196513538388,
                0.07050561111354164
            ],
            [
                -0.033016375961674005,
                0.9770130390178693,
                0.2106073135183687,
                0.15598591505440562
            ],
            [
                0.19223324887015758,
                -0.20058002583973986,
                0.9606320998503816,
                -0.07925152415330862
            ],
            [
                0.0,
                0.0,
                0.0,
                1.0
            ]
        ],
        "right_arm": [
            [
                0.7351102342078658,
                -0.6624522419990718,
                0.14411790531804217,
                -0.10203081123354953
            ],
            [
                0.6772736118897692,
                0.7081175753576634,
                -0.19967462058902263,
                -0.17418435442269975
            ],
            [
                0.030222478400074766,
                0.2443901113793014,
                0.9692058993110648,
                -0.08746985622371212
            ],
            [
                0.0,
                0.0,
                0.0,
                1.0
            ]
        ]
    },
    "2": {
        "left_arm": [
            [
                0.9807930741367844,
                0.07222922447705617,
                -0.18118467058986834,
                0.0705081879178345
            ],
            [
                -0.03303645736255501,
                0.9770034853108356,
                0.2106484801165498,
                0.1559799686632762
            ],
            [
                0.19223303100728595,
                -0.20061687073106135,
                0.9606244494951335,
                -0.07925289182446095
            ],
            [
                0.0,
                0.0,
                0.0,
                1.0
            ]
        ],
        "right_arm": [
            [
                0.7351104213100081,
                -0.6624511179546556,
                0.14412211767126232,
                -0.10202822754548445
            ],
            [
                0.6772724111650231,
                0.7081084071126365,
                -0.1997112036194284,
                -0.17417927303995678
            ],
            [
                0.030244826931862773,
                0.2444197211704319,
                0.9691977354218437,
                -0.08746808704834774
            ],
            [
                0.0,
                0.0,
                0.0,
                1.0
            ]
        ]
    },
    "3": {
        "left_arm": [
            [
                0.9807909613271649,
                0.07227189655318925,
                -0.18117909136415505,
                0.07050415276300748
            ],
            [
                -0.03307877039984708,
                0.97700059390101,
                0.2106552502690302,
                0.15597693065748233
            ],
            [
                0.1922365343210545,
                -0.20061558385548883,
                0.9606240171818272,
                -0.0792541917240999
            ],
            [
                0.0,
                0.0,
                0.0,
                1.0
            ]
        ],
        "right_arm": [
            [
                0.7350995495912505,
                -0.6624623000893839,
                0.14412617094415392,
                -0.10202483967309506
            ],
            [
                0.6772849634483675,
                0.7081035991530701,
                -0.19968568089177421,
                -0.17418455209348688
            ],
            [
                0.030227975080773527,
                0.24440334250322987,
                0.9692023915033254,
                -0.08746967682279964
            ],
            [
                0.0,
                0.0,
                0.0,
                1.0
            ]
        ]
    },
    "4": {
        "left_arm": [
            [
                0.980786757257362,
                0.07226350356716145,
                -0.1812051954023051,
                0.07051115408533624
            ],
            [
                -0.03306735401065492,
                0.977003538557402,
                0.21064338523924617,
                0.15598213498357796
            ],
            [
                0.19225994613367278,
                -0.20060426640157555,
                0.9606216952651878,
                -0.07924898679102224
            ],
            [
                0.0,
                0.0,
                0.0,
                1.0
            ]
        ],
        "right_arm": [
            [
                0.73508369099551,
                -0.6624765288997605,
                0.1441416521666884,
                -0.10202839142736127
            ],
            [
                0.677302323005885,
                0.7080860243706373,
                -0.1996891217413138,
                -0.17418815026448378
            ],
            [
                0.030224666801301647,
                0.244415692515661,
                0.9691993802973876,
                -0.08746802967671004
            ],
            [
                0.0,
                0.0,
                0.0,
                1.0
            ]
        ]
    },
    "5": {
        "left_arm": [
            [
                0.9807988303996436,
                0.07222626862737351,
                -0.18115468640600474,
                0.07051315616106249
            ],
            [
                -0.03304241681506135,
                0.9770061567717172,
                0.21063515452359505,
                0.15598172383152845
            ],
            [
                0.19220263519970582,
                -0.2006049245415613,
                0.9606330263279333,
                -0.07925316723412591
            ],
            [
                0.0,
                0.0,
                0.0,
                1.0
            ]
        ],
        "right_arm": [
            [
                0.7350895666449421,
                -0.6624731042866198,
                0.14412742662866398,
                -0.1020222707675836
            ],
            [
                0.6772952599715321,
                0.7080899907707529,
                -0.19969901299297965,
                -0.17418161346104585
            ],
            [
                0.03024003686913026,
                0.24441348380792094,
                0.9691994578532476,
                -0.08747266082143818
            ],
            [
                0.0,
                0.0,
                0.0,
                1.0
            ]
        ]
    },
    "6": {
        "left_arm": [
            [
                0.9807908722237698,
                0.07221503239920388,
                -0.18120224628331416,
                0.07051141501072394
            ],
            [
                -0.033024620152740936,
                0.9770103021637543,
                0.21061871694998166,
                0.15598537960333989
            ],
            [
                0.19224629886243355,
                -0.20058877974969405,
                0.9606276604450993,
                -0.07924761389999527
            ],
            [
                0.0,
                0.0,
                0.0,
                1.0
            ]
        ],
        "right_arm": [
            [
                0.7351013664997332,
                -0.662455354878767,
                0.14414882504783771,
                -0.10202744095621569
            ],
            [
                0.6772837860434239,
                0.7081048129005673,
                -0.19968537029471706,
                -0.17418835227880958
            ],
            [
                0.030210166052349115,
                0.24441865055576237,
                0.9691990864252762,
                -0.08746820216615425
            ],
            [
                0.0,
                0.0,
                0.0,
                1.0
            ]
        ]
    },
    "7": {
        "left_arm": [
            [
                0.9807928940293368,
                0.07225232154622371,
                -0.18117643625134922,
                0.07051353618789075
            ],
            [
                -0.033062645835250475,
                0.9770041807205194,
                0.2106411458025204,
                0.15597966959981122
            ],
            [
                0.19222944746300163,
                -0.2006051666478384,
                0.9606276108056973,
                -0.0792517214080839
            ],
            [
                0.0,
                0.0,
                0.0,
                1.0
            ]
        ],
        "right_arm": [
            [
                0.735076481497573,
                -0.6624889365270002,
                0.14412139094691162,
                -0.10202463558973617
            ],
            [
                0.6773089759727018,
                0.7080762515166416,
                -0.19970120957308207,
                -0.17418136311838303
            ],
            [
                0.03025090768817316,
                0.24441037420180478,
                0.9691999027891903,
                -0.08747261508386762
            ],
            [
                0.0,
                0.0,
                0.0,
                1.0
            ]
        ]
    },
    "8": {
        "left_arm": [
            [
                0.9807919375008447,
                0.07225461739416685,
                -0.18118069874730475,
                0.07051551246181384
            ],
            [
                -0.03306823163991047,
                0.9770085008697678,
                0.21062022999801885,
                0.15598398024831978
            ],
            [
                0.19223336700361948,
                -0.20058329814177367,
                0.9606313929478986,
                -0.07924650936058517
            ],
            [
                0.0,
                0.0,
                0.0,
                1.0
            ]
        ],
        "right_arm": [
            [
                0.7350754267659411,
                -0.6624805102773824,
                0.1441654967996468,
                -0.10203080451785711
            ],
            [
                0.6773131841921103,
                0.7080867992971962,
                -0.19964953087998177,
                -0.1741957377282412
            ],
            [
                0.030182237896058263,
                0.24440265580322873,
                0.9692039900619034,
                -0.08746365876138283
            ],
            [
                0.0,
                0.0,
                0.0,
                1.0
            ]
        ]
    },
    "9": {
        "left_arm": [
            [
                0.98079482398386,
                0.07224002137595681,
                -0.18117089324190727,
                0.07050783047715146
            ],
            [
                -0.033052221554800774,
                0.977005261032897,
                0.21063777098216116,
                0.15598112801673084
            ],
            [
                0.19222139292170798,
                -0.20060433501208863,
                0.960629396217707,
                -0.07925141406303199
            ],
            [
                0.0,
                0.0,
                0.0,
                1.0
            ]
        ],
        "right_arm": [
            [
                0.7350923070036948,
                -0.6624704573446565,
                0.14412561649320915,
                -0.10202288153867789
            ],
            [
                0.6772918899563494,
                0.7080897745917141,
                -0.1997112087941294,
                -0.17418250650665595
            ],
            [
                0.030248900531132872,
                0.24442128439278277,
                0.9691972140655586,
                -0.0874681669307254
            ],
            [
                0.0,
                0.0,
                0.0,
                1.0
            ]
        ]
    },
    "10": {
        "left_arm": [
            [
                0.980787568415027,
                0.07226509388906194,
                -0.18120017066146568,
                0.07051015643086844
            ],
            [
                -0.03306430393089012,
                0.9769975229897149,
                0.21067176336074936,
                0.1559805433136178
            ],
            [
                0.1922563326606043,
                -0.20063298900521537,
                0.9606164199485289,
                -0.07925424055556551
            ],
            [
                0.0,
                0.0,
                0.0,
                1.0
            ]
        ],
        "right_arm": [
            [
                0.7350966168223617,
                -0.6624668309465749,
                0.1441203033299628,
                -0.10202940496939478
            ],
            [
                0.6772876943499362,
                0.70809910430537,
                -0.19969235730012347,
                -0.17418692834301758
            ],
            [
                0.030238105404699053,
                0.24440408420796692,
                0.9692018884649366,
                -0.08746820621918677
            ],
            [
                0.0,
                0.0,
                0.0,
                1.0
            ]
        ]
    },
    "11": {
        "left_arm": [
            [
                0.9807897071337582,
                0.07222597471370486,
                -0.18120419133433938,
                0.0705126052413526
            ],
            [
                -0.03302395713761406,
                0.9769983033302481,
                0.21067447293108116,
                0.15597397715777303
            ],
            [
                0.19225235664472268,
                -0.2006432751588528,
                0.9606150672866207,
                -0.07925183900738257
            ],
            [
                0.0,
                0.0,
                0.0,
                1.0
            ]
        ],
        "right_arm": [
            [
                0.7350867699802462,
                -0.6624670896065242,
                0.14416933026226483,
                -0.10202999285295047
            ],
            [
                0.6773007998139233,
                0.7080951351293736,
                -0.19966197979969483,
                -0.1741885952367329
            ],
            [
                0.030183889269410905,
                0.2444148825140886,
                0.9692008553618783,
                -0.08746633721580417
            ],
            [
                0.0,
                0.0,
                0.0,
                1.0
            ]
        ]
    },
    "12": {
        "left_arm": [
            [
                0.9807931718360056,
                0.07220161298662779,
                -0.18119514662925423,
                0.0705008725393417
            ],
            [
                -0.033011817224611065,
                0.9770097523461085,
                0.2106232744596956,
                0.1559823439238907
            ],
            [
                0.19223676548307972,
                -0.20059628835729884,
                0.9606280003694867,
                -0.07925258726519738
            ],
            [
                0.0,
                0.0,
                0.0,
                1.0
            ]
        ],
        "right_arm": [
            [
                0.7350818762242768,
                -0.6624758749731431,
                0.14415391193153743,
                -0.10203304549792551
            ],
            [
                0.6773048673168165,
                0.7080853638393673,
                -0.19968283407799575,
                -0.17418839382574575
            ],
            [
                0.0302117850440264,
                0.2444193785178241,
                0.9691988523772683,
                -0.08746891183377839
            ],
            [
                0.0,
                0.0,
                0.0,
                1.0
            ]
        ]
    },
    "13": {
        "left_arm": [
            [
                0.9807851207826125,
                0.07222445662835593,
                -0.18122961876077406,
                0.07050974989280626
            ],
            [
                -0.033028554743872215,
                0.9770104279400887,
                0.210617516526655,
                0.15598839620262506
            ],
            [
                0.19227496306843436,
                -0.20058477400107788,
                0.9606227599926876,
                -0.0792490320733775
            ],
            [
                0.0,
                0.0,
                0.0,
                1.0
            ]
        ],
        "right_arm": [
            [
                0.7351078982811478,
                -0.6624550555702385,
                0.14411688740083706,
                -0.10202527713884124
            ],
            [
                0.6772765990240054,
                0.7081194583490875,
                -0.1996578100698084,
                -0.17418706768449413
            ],
            [
                0.030212353419589895,
                0.24437702849659793,
                0.9692095138018523,
                -0.08747013170271395
            ],
            [
                0.0,
                0.0,
                0.0,
                1.0
            ]
        ]
    },
    "14": {
        "left_arm": [
            [
                0.9807933696743883,
                0.07224772159903085,
                -0.1811756957389906,
                0.0705145560875464
            ],
            [
                -0.03305862855061928,
                0.9770047593177557,
                0.2106390926414336,
                0.15598715648248607
            ],
            [
                0.19222771153273027,
                -0.20060400542911214,
                0.9606282006711474,
                -0.07924798824476013
            ],
            [
                0.0,
                0.0,
                0.0,
                1.0
            ]
        ],
        "right_arm": [
            [
                0.7350903595513916,
                -0.6624671910101706,
                0.14415056062915635,
                -0.10203240831632417
            ],
            [
                0.6772945254931937,
                0.7080847410355321,
                -0.19972011728815212,
                -0.17417960491126272
            ],
            [
                0.03023721269488097,
                0.24444471838789616,
                0.9691916686707057,
                -0.0874720094087326
            ],
            [
                0.0,
                0.0,
                0.0,
                1.0
            ]
        ]
    },
    "15": {
        "left_arm": [
            [
                0.9807900917334506,
                0.07224072034022824,
                -0.181196231423875,
                0.0705106382198064
            ],
            [
                -0.03304966488993287,
                0.9770075213559508,
                0.21062768779190522,
                0.1559809114449877
            ],
            [
                0.19224597683216338,
                -0.20059307450314956,
                0.9606268280936262,
                -0.0792516047931891
            ],
            [
                0.0,
                0.0,
                0.0,
                1.0
            ]
        ],
        "right_arm": [
            [
                0.7350905401207898,
                -0.6624570807262283,
                0.14419609571902117,
                -0.10203237621200521
            ],
            [
                0.6772967339517788,
                0.7080906303655315,
                -0.1996917458654653,
                -0.1741787543148501
            ],
            [
                0.030183306697229833,
                0.24445505800499948,
                0.9691907410889733,
                -0.08747201747907554
            ],
            [
                0.0,
                0.0,
                0.0,
                1.0
            ]
        ]
    },
    "16": {
        "left_arm": [
            [
                0.9807887857355431,
                0.07223828493348851,
                -0.1812042713769933,
                0.07051127081735271
            ],
            [
                -0.03304202603747758,
                0.9770039657949899,
                0.21064537815057932,
                0.15598118725361712
            ],
            [
                0.1922539526010781,
                -0.20061126840417037,
                0.9606214325625536,
                -0.07925294441986519
            ],
            [
                0.0,
                0.0,
                0.0,
                1.0
            ]
        ],
        "right_arm": [
            [
                0.7350779431062793,
                -0.6624835445585077,
                0.14413872050159737,
                -0.10202194013797505
            ],
            [
                0.6773078944708131,
                0.708076406472268,
                -0.19970432815748768,
                -0.17418461755489315
            ],
            [
                0.030239603935166105,
                0.24442454006608147,
                0.9691966831182044,
                -0.08747297761927272
            ],
            [
                0.0,
                0.0,
                0.0,
                1.0
            ]
        ]
    },
    "17": {
        "left_arm": [
            [
                0.9807910979711502,
                0.07225718943560869,
                -0.1811842176223208,
                0.07051584880109597
            ],
            [
                -0.03306361246830723,
                0.9770017090405323,
                0.21065245800233284,
                0.15598386947937887
            ],
            [
                0.19223844483113037,
                -0.20061545081759163,
                0.960623662639102,
                -0.07925181413024572
            ],
            [
                0.0,
                0.0,
                0.0,
                1.0
            ]
        ],
        "right_arm": [
            [
                0.7350836936223272,
                -0.662476396051816,
                0.14414224933985972,
                -0.10201984951463051
            ],
            [
                0.6773017466972292,
                0.7080812102022831,
                -0.19970814625185634,
                -0.174180692176192
            ],
            [
                0.030237514637271687,
                0.24442999904403703,
                0.969195371571642,
                -0.08747275805339697
            ],
            [
                0.0,
                0.0,
                0.0,
                1.0
            ]
        ]
    },
    "18": {
        "left_arm": [
            [
                0.9807877566931916,
                0.07223204284220441,
                -0.1812123293475893,
                0.07050899322075792
            ],
            [
                -0.0330317037679237,
                0.977001699238204,
                0.2106575093174941,
                0.15597596064852923
            ],
            [
                0.19226097593356117,
                -0.20062455401197504,
                0.96061725232299,
                -0.07925163143438413
            ],
            [
                0.0,
                0.0,
                0.0,
                1.0
            ]
        ],
        "right_arm": [
            [
                0.7350983376440859,
                -0.662457930497018,
                0.14415243429963154,
                -0.10202900248920573
            ],
            [
                0.6772867107641704,
                0.7080980975552857,
                -0.19969926304530008,
                -0.17418114146306027
            ],
            [
                0.030218296033236683,
                0.24443112436879488,
                0.9691956871677951,
                -0.08747275664831913
            ],
            [
                0.0,
                0.0,
                0.0,
                1.0
            ]
        ]
    },
    "19": {
        "left_arm": [
            [
                0.9807825006170949,
                0.0722604420831717,
                -0.18122945398919826,
                0.0705164817420722
            ],
            [
                -0.033058914285669885,
                0.9770034539621774,
                0.21064510232195824,
                0.15598099871873147
            ],
            [
                0.1922831107235659,
                -0.20060578121260636,
                0.9606167424496352,
                -0.07925171455577282
            ],
            [
                0.0,
                0.0,
                0.0,
                1.0
            ]
        ],
        "right_arm": [
            [
                0.7350860653320739,
                -0.6624698621681965,
                0.14416018269085565,
                -0.1020306016332336
            ],
            [
                0.6772995777004656,
                0.7080811878573564,
                -0.19971558138834883,
                -0.17418025128941134
            ],
            [
                0.0302284402737061,
                0.2444477717660074,
                0.9691911722035302,
                -0.08747192498171011
            ],
            [
                0.0,
                0.0,
                0.0,
                1.0
            ]
        ]
    },
    "20": {
        "left_arm": [
            [
                0.9807942016688229,
                0.0722451755807284,
                -0.18117220696929742,
                0.07050595592223363
            ],
            [
                -0.033059464662511834,
                0.9770075824378255,
                0.2106258665388084,
                0.15598280867379394
            ],
            [
                0.19222332264593794,
                -0.20059117244860386,
                0.960631758670642,
                -0.0792512859883227
            ],
            [
                0.0,
                0.0,
                0.0,
                1.0
            ]
        ],
        "right_arm": [
            [
                0.7350904373755809,
                -0.6624615487368124,
                0.14417609137510004,
                -0.10203337949724868
            ],
            [
                0.6772960271117965,
                0.7080899434883281,
                -0.1996965788121396,
                -0.17418489566253414
            ],
            [
                0.03020166448317026,
                0.24444493935428557,
                0.9691927213338563,
                -0.08746620479256553
            ],
            [
                0.0,
                0.0,
                0.0,
                1.0
            ]
        ]
    },
    "21": {
        "left_arm": [
            [
                0.9807901049215485,
                0.07223127011117296,
                -0.18119992744508753,
                0.07050956807466839
            ],
            [
                -0.03304150051372167,
                0.9770099715496644,
                0.21061760310174746,
                0.155978666042837
            ],
            [
                0.1922473129377364,
                -0.20058454354872476,
                0.9606283420540798,
                -0.07925168455954658
            ],
            [
                0.0,
                0.0,
                0.0,
                1.0
            ]
        ],
        "right_arm": [
            [
                0.7350813587135976,
                -0.6624729345095554,
                0.14417006316870995,
                -0.10202981064659183
            ],
            [
                0.6773068107091768,
                0.7080912197331412,
                -0.19965547501582867,
                -0.17417948418690327
            ],
            [
                0.030180792546499358,
                0.2444103835337835,
                0.9692020863484221,
                -0.08746917763065172
            ],
            [
                0.0,
                0.0,
                0.0,
                1.0
            ]
        ]
    },
    "22": {
        "left_arm": [
            [
                0.9807939825001895,
                0.07227140356897281,
                -0.18116293251542634,
                0.07050504069573527
            ],
            [
                -0.03308008686907765,
                0.9769988748044441,
                0.21066301641148166,
                0.15597246988335373
            ],
            [
                0.19222089309997628,
                -0.20062413328665274,
                0.9606253616258665,
                -0.07925399252663189
            ],
            [
                0.0,
                0.0,
                0.0,
                1.0
            ]
        ],
        "right_arm": [
            [
                0.7350888974929218,
                -0.6624785614866808,
                0.1441057540599214,
                -0.10201553995651631
            ],
            [
                0.6772947681469037,
                0.7080860885192117,
                -0.19971451696457967,
                -0.17418499975645277
            ],
            [
                0.030267306181300822,
                0.24440999737347358,
                0.9691994858440786,
                -0.08747316172670874
            ],
            [
                0.0,
                0.0,
                0.0,
                1.0
            ]
        ]
    },
    "23": {
        "left_arm": [
            [
                0.9807858556565046,
                0.0722271709053165,
                -0.18122455994470654,
                0.07050936107406708
            ],
            [
                -0.03302936089766744,
                0.9770072233644939,
                0.2106322549190724,
                0.15597845558066228
            ],
            [
                0.19227107599124216,
                -0.20059940497572687,
                0.9606204828445805,
                -0.07925162371757169
            ],
            [
                0.0,
                0.0,
                0.0,
                1.0
            ]
        ],
        "right_arm": [
            [
                0.7350763209381053,
                -0.6624930795356982,
                0.14410316430740452,
                -0.10202720962314235
            ],
            [
                0.6773084443344262,
                0.7080759014157912,
                -0.19970425400450134,
                -0.17418550022910043
            ],
            [
                0.030266708267988038,
                0.24440015835003404,
                0.9692019856402991,
                -0.08746800791691489
            ],
            [
                0.0,
                0.0,
                0.0,
                1.0
            ]
        ]
    },
    "24": {
        "left_arm": [
            [
                0.9807821581418742,
                0.07225321353854167,
                -0.18123418939019637,
                0.07051497422696981
            ],
            [
                -0.03304777894404689,
                0.9770006536052275,
                0.2106598375624172,
                0.15597517404780611
            ],
            [
                0.19228677171722725,
                -0.20062202269021356,
                0.9606126177779754,
                -0.07925185582431399
            ],
            [
                0.0,
                0.0,
                0.0,
                1.0
            ]
        ],
        "right_arm": [
            [
                0.7350870083694487,
                -0.6624647027174028,
                0.14417908232471657,
                -0.10203624509157694
            ],
            [
                0.6772996737965213,
                0.7080853865028185,
                -0.19970036879355077,
                -0.17417663604935724
            ],
            [
                0.03020334421185666,
                0.24444959209353911,
                0.9691914954866879,
                -0.0874687380467023
            ],
            [
                0.0,
                0.0,
                0.0,
                1.0
            ]
        ]
    },
    "25": {
        "left_arm": [
            [
                0.980787882029671,
                0.0722281309047701,
                -0.18121321025177975,
                0.07051072499153799
            ],
            [
                -0.03303463851056262,
                0.9770091565719607,
                0.210622459944381,
                0.15598582445258094
            ],
            [
                0.19225983231613622,
                -0.20058964350272254,
                0.9606247715925412,
                -0.0792478268194427
            ],
            [
                0.0,
                0.0,
                0.0,
                1.0
            ]
        ],
        "right_arm": [
            [
                0.7350745299042302,
                -0.6624906353359208,
                0.14412353582355408,
                -0.10202217561487834
            ],
            [
                0.6773118637546927,
                0.7080800902272731,
                -0.19967780307505786,
                -0.17418458762596303
            ],
            [
                0.03023366837186011,
                0.24439464788727522,
                0.9692044063977606,
                -0.08747323822528075
            ],
            [
                0.0,
                0.0,
                0.0,
                1.0
            ]
        ]
    },
    "26": {
        "left_arm": [
            [
                0.9807866648529902,
                0.07227660794195259,
                -0.18120046906935344,
                0.07051804322557267
            ],
            [
                -0.033090879274785504,
                0.9770129622656105,
                0.2105959763950823,
                0.15598698810324224
            ],
            [
                0.19225636986942723,
                -0.20055364247348326,
                0.9606329812864267,
                -0.0792478031314287
            ],
            [
                0.0,
                0.0,
                0.0,
                1.0
            ]
        ],
        "right_arm": [
            [
                0.7350646051254438,
                -0.6624949590354408,
                0.14415427688558313,
                -0.10202481251263654
            ],
            [
                0.6773240465779643,
                0.708073417948188,
                -0.1996601380406779,
                -0.1741867744824942
            ],
            [
                0.030202023426044985,
                0.24440225867982596,
                0.9692034738552955,
                -0.08746815355974866
            ],
            [
                0.0,
                0.0,
                0.0,
                1.0
            ]
        ]
    },
    "27": {
        "left_arm": [
            [
                0.9807892209885319,
                0.07225977643651992,
                -0.181193346185926,
                0.07051387119705224
            ],
            [
                -0.033063387865943226,
                0.9770007442265638,
                0.21065696799196268,
                0.1559793632598488
            ],
            [
                0.19224805948444545,
                -0.2006192176489699,
                0.9606209518506146,
                -0.079251708747797
            ],
            [
                0.0,
                0.0,
                0.0,
                1.0
            ]
        ],
        "right_arm": [
            [
                0.7351066358098638,
                -0.6624594496209714,
                0.14410312833586855,
                -0.10203203470871443
            ],
            [
                0.6772753166053264,
                0.7081010458594502,
                -0.1997274502163074,
                -0.17417887362870021
            ],
            [
                0.03027176085824785,
                0.24441846587488517,
                0.9691972111154203,
                -0.08747282152212243
            ],
            [
                0.0,
                0.0,
                0.0,
                1.0
            ]
        ]
    },
    "28": {
        "left_arm": [
            [
                0.9807859344395297,
                0.07222073968640712,
                -0.18122669661152868,
                0.0705048622745695
            ],
            [
                -0.03302129153570543,
                0.9770061836948232,
                0.21063834249108418,
                0.15598267581902647
            ],
            [
                0.1922720601410741,
                -0.20060678398604956,
                0.9606187449284351,
                -0.07925138580532731
            ],
            [
                0.0,
                0.0,
                0.0,
                1.0
            ]
        ],
        "right_arm": [
            [
                0.7350752266466651,
                -0.6624787485150287,
                0.14417461266226766,
                -0.10203055817525473
            ],
            [
                0.6773120645369946,
                0.7080730529897012,
                -0.19970207525831596,
                -0.17418413415204384
            ],
            [
                0.030212222741603838,
                0.24444725278841808,
                0.9691918087773994,
                -0.08746736832604834
            ],
            [
                0.0,
                0.0,
                0.0,
                1.0
            ]
        ]
    },
    "29": {
        "left_arm": [
            [
                0.9807857267590536,
                0.07224724802216115,
                -0.18121725452875434,
                0.07051741101303341
            ],
            [
                -0.033052940490667836,
                0.9770086449948592,
                0.2106219616522204,
                0.15597961823861817
            ],
            [
                0.19226768139922884,
                -0.2005852506006695,
                0.9606241179206525,
                -0.07925198978242344
