{
    "0": {
        "left_arm": [
            [
                0.9792456992982622,
                0.14443464105881387,
                -0.14218472093747914,
                0.22403089429317918
            ],
            [
                -0.10771005945675649,
                0.965129300390782,
                0.2385874611521343,
                0.1771480528880277
            ],
            [
                0.17168693455729006,
                -0.2183210204937006,
                0.9606557804504744,
                -0.06186943628169911
            ],
            [
                0.0,
                0.0,
                0.0,
                1.0
            ]
        ],
        "right_arm": [
            [
                -0.34151301376774473,
                0.8708329784566976,
                -0.35357995568118517,
                0.18975164645693132
            ],
            [
                -0.8097944412261996,
                -0.08167469582018085,
                0.5810010387441904,
                -0.2099111007630533
            ],
            [
                0.4770763297276647,
                0.4847464983833484,
                0.7330886767088023,
                -0.03228089108483409
            ],
            [
                0.0,
                0.0,
                0.0,
                1.0
            ]
        ]
    },
    "1": {
        "left_arm": [
            [
                0.9784099351620483,
                0.14340171852044648,
                -0.14882857891406176,
                0.2243202010665719
            ],
            [
                -0.10573214225556903,
                0.9660491300018075,
                0.23573245961640246,
                0.17853059184202041
            ],
            [
                0.1775801589993785,
                -0.21490701605143875,
                0.9603542375507187,
                -0.06111873104773849
            ],
            [
                0.0,
                0.0,
                0.0,
                1.0
            ]
        ],
        "right_arm": [
            [
                -0.34359017786114177,
                0.8709651447917428,
                -0.35123426119222445,
                0.1907185730587132
            ],
            [
                -0.8084703135139241,
                -0.08402847566936292,
                0.5825074827359564,
                -0.21018709061339202
            ],
            [
                0.4778300344725584,
                0.4841063228616024,
                0.7330208225701176,
                -0.03238071479172777
            ],
            [
                0.0,
                0.0,
                0.0,
                1.0
            ]
        ]
    },
    "2": {
        "left_arm": [
            [
                0.9776557156011895,
                0.14168371930167944,
                -0.15529013309662976,
                0.22527688048083133
            ],
            [
                -0.102653987379944,
                0.966441066843704,
                0.23548635457920175,
                0.17912995605905943
            ],
            [
                0.183443344461783,
                -0.21428342913731357,
                0.9593910315245966,
                -0.060346653981425746
            ],
            [
                0.0,
                0.0,
                0.0,
                1.0
            ]
        ],
        "right_arm": [
            [
                -0.3472177388326526,
                0.8707804511721884,
                -0.34811097037625716,
                0.19088914646774705
            ],
            [
                -0.8065107390482253,
                -0.08786411820737543,
                0.5846540212224027,
                -0.21091771985293117
            ],
            [
                0.4785188289292546,
                0.48375748323721063,
                0.7328017656721189,
                -0.03238539476589894
            ],
            [
                0.0,
                0.0,
                0.0,
                1.0
            ]
        ]
    },
    "3": {
        "left_arm": [
            [
                0.9790758829703863,
                0.13246222562313928,
                -0.15448033586422255,
                0.22368357012533582
            ],
            [
                -0.09370686916353518,
                0.967332453771269,
                0.23555667375904318,
                0.18158063165892155
            ],
            [
                0.18063620361745486,
                -0.2161519897290348,
                0.9595044967475936,
                -0.06023234626152672
            ],
            [
                0.0,
                0.0,
                0.0,
                1.0
            ]
        ],
        "right_arm": [
            [
                -0.34626607153280625,
                0.8671355119588623,
                -0.35801649627507287,
                0.19478440557614146
            ],
            [
                -0.8078884914476226,
                -0.08163259006220382,
                0.5836542689180134,
                -0.20993772410457537
            ],
            [
                0.4768815294092676,
                0.4913370779206249,
                0.7288153969069948,
                -0.031135579087746668
            ],
            [
                0.0,
                0.0,
                0.0,
                1.0
            ]
        ]
    },
    "4": {
        "left_arm": [
            [
                0.9791305406308525,
                0.13250745869177716,
                -0.15409463908579557,
                0.22366189384387797
            ],
            [
                -0.09381411114027348,
                0.9672918604163093,
                0.23568065114327022,
                0.18157637416552344
            ],
            [
                0.180283934267297,
                -0.21630587177282634,
                0.9595360716938695,
                -0.06026614754489844
            ],
            [
                0.0,
                0.0,
                0.0,
                1.0
            ]
        ],
        "right_arm": [
            [
                -0.34615471538122067,
                0.8671971718232724,
                -0.3579748290048668,
                0.19477016974141964
            ],
            [
                -0.8079013664749779,
                -0.08155935877506511,
                0.5836466851135743,
                -0.2099452519485292
            ],
            [
                0.47694055716326916,
                0.49124040568536065,
                0.7288419367427156,
                -0.031155609045956323
            ],
            [
                0.0,
                0.0,
                0.0,
                1.0
            ]
        ]
    },
    "5": {
        "left_arm": [
            [
                0.9791642119984016,
                0.13246123693562406,
                -0.15392032565919817,
                0.22364347188296924
            ],
            [
                -0.09381576281946079,
                0.967302724015068,
                0.2356354021780934,
                0.18159662514926547
            ],
            [
                0.18010010712976238,
                -0.21628560012750178,
                0.9595751615112467,
                -0.060302484483790456
            ],
            [
                0.0,
                0.0,
                0.0,
                1.0
            ]
        ],
        "right_arm": [
            [
                -0.3459294733304344,
                0.8673136418442886,
                -0.35791038843839923,
                0.19474737822281718
            ],
            [
                -0.8078938918474561,
                -0.08136342227451226,
                0.5836843779229921,
                -0.2099509233538711
            ],
            [
                0.47711660943306,
                0.4910672460942359,
                0.7288433993777568,
                -0.03120309869965271
            ],
            [
                0.0,
                0.0,
                0.0,
                1.0
            ]
        ]
    },
    "6": {
        "left_arm": [
            [
                0.9792060338047656,
                0.132450474603218,
                -0.1536633174759754,
                0.22361411766593556
            ],
            [
                -0.09385093947585392,
                0.9672844667651405,
                0.23569633326460002,
                0.1815748437583556
            ],
            [
                0.17985423130924577,
                -0.21637382497025853,
                0.9596013877375857,
                -0.06035189222848178
            ],
            [
                0.0,
                0.0,
                0.0,
                1.0
            ]
        ],
        "right_arm": [
            [
                -0.3458635930247498,
                0.8674059097951219,
                -0.3577504195280662,
                0.19471048083763315
            ],
            [
                -0.8078680119607446,
                -0.0813767238385551,
                0.5837183430969917,
                -0.2099645946727303
            ],
            [
                0.47720818336508447,
                0.4909020436602406,
                0.7288947340045717,
                -0.03124043073134042
            ],
            [
                0.0,
                0.0,
                0.0,
                1.0
            ]
        ]
    },
    "7": {
        "left_arm": [
            [
                0.9792463861307945,
                0.1324500112151816,
                -0.15340635507982614,
                0.22358488265551407
            ],
            [
                -0.09390948238643605,
                0.9672810823098288,
                0.23568690443772597,
                0.18157856299947153
            ],
            [
                0.17960379831086815,
                -0.21638923802866078,
                0.9596448162198786,
                -0.060387637872062694
            ],
            [
                0.0,
                0.0,
                0.0,
                1.0
            ]
        ],
        "right_arm": [
            [
                -0.34572106954401727,
                0.8674907515809046,
                -0.35768245413346467,
                0.19467417159146402
            ],
            [
                -0.8078799645006657,
                -0.08128827255621789,
                0.5837141249817661,
                -0.20998891459807792
            ],
            [
                0.4772912161686444,
                0.49076675994450064,
                0.7289314661213582,
                -0.031278033967191476
            ],
            [
                0.0,
                0.0,
                0.0,
                1.0
            ]
        ]
    },
    "8": {
        "left_arm": [
            [
                0.9792962322493861,
                0.1323608926581686,
                -0.15316489022256236,
                0.22354602679716207
            ],
            [
                -0.09386331035617224,
                0.9672700085575832,
                0.23575073597762894,
                0.18157006748960167
            ],
            [
                0.17935598253511842,
                -0.21649324386628235,
                0.9596677064948662,
                -0.06046567630652583
            ],
            [
                0.0,
                0.0,
                0.0,
                1.0
            ]
        ],
        "right_arm": [
            [
                -0.3455723958558851,
                0.8676487754283311,
                -0.3574427530670349,
                0.19463251255260897
            ],
            [
                -0.8078606596365189,
                -0.08127695014440746,
                0.5837424192114808,
                -0.21002219943965697
            ],
            [
                0.4774315383739037,
                0.49048920464465007,
                0.7290263824396114,
                -0.031337943039681376
            ],
            [
                0.0,
                0.0,
                0.0,
                1.0
            ]
        ]
    },
    "9": {
        "left_arm": [
            [
                0.9783344580351296,
                0.13263840118922365,
                -0.15896145051891097,
                0.22481851319372592
            ],
            [
                -0.09293042557709288,
                0.9674660226517631,
                0.23531559875290606,
                0.18178542852461854
            ],
            [
                0.18500168708195613,
                -0.21544500352606188,
                0.9588314900087946,
                -0.05967536229057524
            ],
            [
                0.0,
                0.0,
                0.0,
                1.0
            ]
        ],
        "right_arm": [
            [
                -0.3453415671868599,
                0.8678447613198927,
                -0.3571899665759692,
                0.19458099129509882
            ],
            [
                -0.8078474043835102,
                -0.08119631072695795,
                0.583771984900917,
                -0.21003998161604143
            ],
            [
                0.4776209513869222,
                0.4901557195156961,
                0.7291265990363415,
                -0.031415195469429794
            ],
            [
                0.0,
                0.0,
                0.0,
                1.0
            ]
        ]
    },
    "10": {
        "left_arm": [
            [
                0.9774471262054798,
                0.13299495663789587,
                -0.16404102225216005,
                0.2259589626234494
            ],
            [
                -0.09223978906315759,
                0.9676361033595644,
                0.23488761735924502,
                0.18197286052000683
            ],
            [
                0.18997088404867124,
                -0.21445911727880246,
                0.9580805551882177,
                -0.058988881621803685
            ],
            [
                0.0,
                0.0,
                0.0,
                1.0
            ]
        ],
        "right_arm": [
            [
                -0.34513851443447907,
                0.8679654971079396,
                -0.35709284742784825,
                0.19458500947768487
            ],
            [
                -0.8078439101150723,
                -0.08104957997168531,
                0.5837972100621964,
                -0.21005426068137636
            ],
            [
                0.4777736103469422,
                0.48996618395209796,
                0.7291539726556163,
                -0.03146581792423947
            ],
            [
                0.0,
                0.0,
                0.0,
                1.0
            ]
        ]
    },
    "11": {
        "left_arm": [
            [
                0.9775913521207714,
                0.13287335218933272,
                -0.1632783529334227,
                0.22583365431468116
            ],
            [
                -0.09227979177902564,
                0.9676216662014606,
                0.23493137535614284,
                0.1819800151360439
            ],
            [
                0.18920779129808973,
                -0.21459958847928565,
                0.9582000982762522,
                -0.059116115959180315
            ],
            [
                0.0,
                0.0,
                0.0,
                1.0
            ]
        ],
        "right_arm": [
            [
                -0.34343806333989857,
                0.868462861581123,
                -0.3575228030541093,
                0.19449074779279996
            ],
            [
                -0.8077920397796917,
                -0.07896474195968876,
                0.584154594260633,
                -0.21007275810813517
            ],
            [
                0.4790848746494767,
                0.4894249968908078,
                0.7286568844802935,
                -0.03158214801651349
            ],
            [
                0.0,
                0.0,
                0.0,
                1.0
            ]
        ]
    },
    "12": {
        "left_arm": [
            [
                0.9776302568970558,
                0.1328349607673297,
                -0.16307652803925737,
                0.2257994487736303
            ],
            [
                -0.09227763426420332,
                0.9676109163589988,
                0.23497649405313115,
                0.1819659088157668
            ],
            [
                0.18900772210150224,
                -0.21467181403444946,
                0.9582234046636309,
                -0.05915346110809855
            ],
            [
                0.0,
                0.0,
                0.0,
                1.0
            ]
        ],
        "right_arm": [
            [
                -0.3390355039351761,
                0.8691180698582656,
                -0.36012318408742344,
                0.19445207891941363
            ],
            [
                -0.8077238769926434,
                -0.0726611971476536,
                0.5850662261360183,
                -0.21011137857052783
            ],
            [
                0.4823246475221788,
                0.4892383172595058,
                0.7266421425417694,
                -0.03161259189121016
            ],
            [
                0.0,
                0.0,
                0.0,
                1.0
            ]
        ]
    },
    "13": {
        "left_arm": [
            [
                0.9776715511742637,
                0.13283727329561634,
                -0.1628268922748763,
                0.22578365412311002
            ],
            [
                -0.09232320123793478,
                0.9675916817782287,
                0.23503779242232217,
                0.18196698534175024
            ],
            [
                0.18877172600177233,
                -0.21475706315966553,
                0.9582508227418056,
                -0.05918573204476131
            ],
            [
                0.0,
                0.0,
                0.0,
                1.0
            ]
        ],
        "right_arm": [
            [
                -0.34604177651812945,
                0.8686966124671014,
                -0.35443093035506873,
                0.19420775714304545
            ],
            [
                -0.8044103349502107,
                -0.08027242771076988,
                0.5886258152465865,
                -0.21153690658045504
            ],
            [
                0.4828862204800074,
                0.4887970262159968,
                0.7265661464952327,
                -0.03169960497300871
            ],
            [
                0.0,
                0.0,
                0.0,
                1.0
            ]
        ]
    },
    "14": {
        "left_arm": [
            [
                0.9777079891025859,
                0.13287804498950656,
                -0.1625746388731784,
                0.2257680905848855
            ],
            [
                -0.09240973273204332,
                0.9675713587215768,
                0.2350874455985985,
                0.1819644372293012
            ],
            [
                0.18854052440090946,
                -0.2148233947721903,
                0.9582814720723662,
                -0.0592136759655654
            ],
            [
                0.0,
                0.0,
                0.0,
                1.0
            ]
        ],
        "right_arm": [
            [
                -0.34726822412438363,
                0.868661663837992,
                -0.3533152902036767,
                0.19416221870319
            ],
            [
                -0.8038022619651781,
                -0.0816644404474438,
                0.5892646628010789,
                -0.2117955990697053
            ],
            [
                0.483018326953709,
                0.48862852244278304,
                0.7265916754837085,
                -0.031725131471496526
            ],
            [
                0.0,
                0.0,
                0.0,
                1.0
            ]
        ]
    },
    "15": {
        "left_arm": [
            [
                0.9777286711142396,
                0.13291805499542164,
                -0.16241747546805957,
                0.22575611734987136
            ],
            [
                -0.09248817283486085,
                0.9675687812996178,
                0.23506720600722097,
                0.1819728569602843
            ],
            [
                0.18839475461607902,
                -0.21481025140948556,
                0.9583130867949894,
                -0.059219723305992816
            ],
            [
                0.0,
                0.0,
                0.0,
                1.0
            ]
        ],
        "right_arm": [
            [
                -0.3472205899462561,
                0.8687079194035953,
                -0.35324837251267044,
                0.19413723022792673
            ],
            [
                -0.8038186262011199,
                -0.0816777784775952,
                0.5892404913743701,
                -0.21178616957355662
            ],
            [
                0.48302533897252015,
                0.4885440525361467,
                0.7266438127735214,
                -0.03174665415409192
            ],
            [
                0.0,
                0.0,
                0.0,
                1.0
            ]
        ]
    },
    "16": {
        "left_arm": [
            [
                0.9777549531311851,
                0.13286087383388334,
                -0.1623060067635545,
                0.22574245080288108
            ],
            [
                -0.09244557321105895,
                0.9675595690315433,
                0.235121875564935,
                0.18197207051107495
            ],
            [
                0.1882792278003944,
                -0.21488710659225452,
                0.9583185607089619,
                -0.05924639105708286
            ],
            [
                0.0,
                0.0,
                0.0,
                1.0
            ]
        ],
        "right_arm": [
            [
                -0.34724191843078234,
                0.8686568387849286,
                -0.3533530055294349,
                0.194169716927201
            ],
            [
                -0.8037908289622762,
                -0.08160044753891034,
                0.5892891227891331,
                -0.21179910039609967
            ],
            [
                0.48305626314193106,
                0.48864779073850795,
                0.72655349647891,
                -0.0317355063387625
            ],
            [
                0.0,
                0.0,
                0.0,
                1.0
            ]
        ]
    },
    "17": {
        "left_arm": [
            [
                0.9777636938350904,
                0.1328877103047978,
                -0.16223136400803506,
                0.22574167106549833
            ],
            [
                -0.09248669864161184,
                0.9675531718306772,
                0.2351320272841862,
                0.18197749818530032
            ],
            [
                0.18821362754151233,
                -0.21489931626309033,
                0.9583287088871547,
                -0.059251715586327594
            ],
            [
                0.0,
                0.0,
                0.0,
                1.0
            ]
        ],
        "right_arm": [
            [
                -0.34717405029366366,
                0.8686934416574588,
                -0.3533297089462079,
                0.19416337848093834
            ],
            [
                -0.8037936944370522,
                -0.08154990440260934,
                0.5892922109405146,
                -0.21179933878441307
            ],
            [
                0.4831002748766839,
                0.4885911557869673,
                0.7265623214156018,
                -0.0317511136001051
            ],
            [
                0.0,
                0.0,
                0.0,
                1.0
            ]
        ]
    },
    "18": {
        "left_arm": [
            [
                0.9777795206622524,
                0.13293678033077946,
                -0.162095716811957,
                0.22575062234709134
            ],
            [
                -0.0925598729951008,
                0.9675393854962385,
                0.23515996135544054,
                0.1819663876006176
            ],
            [
                0.18809539836111583,
                -0.21493103533191188,
                0.9583448080761565,
                -0.0592494358351279
            ],
            [
                0.0,
                0.0,
                0.0,
                1.0
            ]
        ],
        "right_arm": [
            [
                -0.3471007121789439,
                0.8687617846402428,
                -0.35323371463320213,
                0.19413104076925589
            ],
            [
                -0.8038103871589781,
                -0.08155708066977375,
                0.589268448237268,
                -0.2118003058262428
            ],
            [
                0.48312519816317134,
                0.48846842696465487,
                0.7266282672443122,
                -0.0317680630107402
            ],
            [
                0.0,
                0.0,
                0.0,
                1.0
            ]
        ]
    },
    "19": {
        "left_arm": [
            [
                0.9777750809363205,
                0.1329464739053035,
                -0.16211454646674422,
                0.22575332907182766
            ],
            [
                -0.09255101369329137,
                0.967522558261744,
                0.2352326701778352,
                0.18195838150051036
            ],
            [
                0.1881228347764191,
                -0.21500077751207425,
                0.9583237786389772,
                -0.05924819063470271
            ],
            [
                0.0,
                0.0,
                0.0,
                1.0
            ]
        ],
        "right_arm": [
            [
                -0.34708917991089916,
                0.8687917880775874,
                -0.3531712476373579,
                0.1941097003493022
            ],
            [
                -0.8037601693072254,
                -0.08153692328930008,
                0.5893397325615635,
                -0.21179975309294263
            ],
            [
                0.48321702311073433,
                0.4884184262591483,
                0.7266008185149098,
                -0.03176601495454971
            ],
            [
                0.0,
                0.0,
                0.0,
                1.0
            ]
        ]
    },
    "20": {
        "left_arm": [
            [
                0.9777750092678434,
                0.13295913872007717,
                -0.16210459179827003,
                0.22576485994850398
            ],
            [
                -0.09255874062455796,
                0.9675131298839446,
                0.23526840637061652,
                0.18194799557478275
            ],
            [
                0.1881194056583857,
                -0.21503537135315448,
                0.9583166899734905,
                -0.05924543053563916
            ],
            [
                0.0,
                0.0,
                0.0,
                1.0
            ]
        ],
        "right_arm": [
            [
                -0.347117732520126,
                0.8687663958015649,
                -0.3532056473161848,
                0.19411513719521892
            ],
            [
                -0.8037719415204506,
                -0.08155461347443158,
                0.5893212290809497,
                -0.21179830089815052
            ],
            [
                0.4831769301141473,
                0.48846063766387027,
                0.7265991051869481,
                -0.03176214953270717
            ],
            [
                0.0,
                0.0,
                0.0,
                1.0
            ]
        ]
    },
    "21": {
        "left_arm": [
            [
                0.9777827876045627,
                0.1329655049352286,
                -0.16205244447884914,
                0.22578569102566817
            ],
            [
                -0.09257208515232504,
                0.9675062357952842,
                0.2352915058980899,
                0.18194063859632734
            ],
            [
                0.18807240444786527,
                -0.2150624518472714,
                0.9583198383058962,
                -0.059250106251022325
            ],
            [
                0.0,
                0.0,
                0.0,
                1.0
            ]
        ],
        "right_arm": [
            [
                -0.34709576883687204,
                0.8688049095100249,
                -0.3531324913779788,
                0.1941059209287896
            ],
            [
                -0.8037238332705569,
                -0.08153321059947344,
                0.5893897992010247,
                -0.21180937405924663
            ],
            [
                0.4832727253719405,
                0.4883957051209802,
                0.726579044654439,
                -0.031769667436878535
            ],
            [
                0.0,
                0.0,
                0.0,
                1.0
            ]
        ]
    },
    "22": {
        "left_arm": [
            [
                0.977813308093397,
                0.13300052217243274,
                -0.16183941305290028,
                0.225741032341996
            ],
            [
                -0.092653852343243,
                0.9674981776842818,
                0.23529245594270676,
                0.1819491159143529
            ],
            [
                0.18787335670978894,
                -0.21507704963443747,
                0.9583556044387398,
                -0.05927011953857436
            ],
            [
                0.0,
                0.0,
                0.0,
                1.0
            ]
        ],
        "right_arm": [
            [
                -0.3470929179949039,
                0.8687921743465743,
                -0.3531666236664144,
                0.19411104274336224
            ],
            [
                -0.8037431886130911,
                -0.08152670976470221,
                0.5893643035958344,
                -0.211802098832648
            ],
            [
                0.48324258197704795,
                0.488419444114476,
                0.7265831360381704,
                -0.03176898324879253
            ],
            [
                0.0,
                0.0,
                0.0,
                1.0
            ]
        ]
    },
    "23": {
        "left_arm": [
            [
                0.977826544129082,
                0.13287567129110256,
                -0.1618619954637766,
                0.2257177742304518
            ],
            [
                -0.0925115157402026,
                0.9674946908008367,
                0.23536278959861884,
                0.1819558574814392
            ],
            [
                0.18787460991849603,
                -0.21516988462870987,
                0.9583345197251534,
                -0.05928508378159916
            ],
            [
                0.0,
                0.0,
                0.0,
                1.0
            ]
        ],
        "right_arm": [
            [
                -0.3470122631137328,
                0.8688051974510341,
                -0.35321384192972366,
                0.194127614358155
            ],
            [
                -0.8037408590591595,
                -0.08141006461419618,
                0.5893836041648568,
                -0.2117906761427944
            ],
            [
                0.4833043768967231,
                0.4884157350675577,
                0.7265445265163643,
                -0.03176923469720397
            ],
            [
                0.0,
                0.0,
                0.0,
                1.0
            ]
        ]
    },
    "24": {
        "left_arm": [
            [
                0.9778351553493564,
                0.13291313834406554,
                -0.1617791909314405,
                0.22571766339619442
            ],
            [
                -0.09257904581538803,
                0.9675032060543785,
                0.2353012251358061,
                0.1819597084086252
            ],
            [
                0.18779651018805543,
                -0.21510844690534664,
                0.9583636193174059,
                -0.05927950548592806
            ],
            [
                0.0,
                0.0,
                0.0,
                1.0
            ]
        ],
        "right_arm": [
            [
                -0.3470389666945413,
                0.8687837028666341,
                -0.3532404750717637,
                0.19412116315693956
            ],
            [
                -0.8037826303726799,
                -0.08146145063996538,
                0.5893195357111525,
                -0.21179292006769648
            ],
            [
                0.4832157268826841,
                0.48844540093338246,
                0.7265835475705918,
                -0.03177108009124108
            ],
            [
                0.0,
                0.0,
                0.0,
                1.0
            ]
        ]
    },
    "25": {
        "left_arm": [
            [
                0.9778370153914607,
                0.1329144915165947,
                -0.16176683614142068,
                0.22572918933312203
            ],
            [
                -0.09257352005610002,
                0.9674918077230626,
                0.23535026104337103,
                0.1819568490848183
            ],
            [
                0.187789549002981,
                -0.2151588713803015,
                0.9583536640257665,
                -0.059303542799000325
            ],
            [
                0.0,
                0.0,
                0.0,
                1.0
            ]
        ],
        "right_arm": [
            [
                -0.3470039110017248,
                0.8688215550096304,
                -0.3531818105454396,
                0.19412014771304967
            ],
            [
                -0.8037650931881394,
                -0.08144776594828071,
                0.589345345611803,
                -0.21180154118257505
            ],
            [
                0.4832700701696398,
                0.48838035072336994,
                0.7265911314525865,
                -0.03178826445264979
            ],
            [
                0.0,
                0.0,
                0.0,
                1.0
            ]
        ]
    },
    "26": {
        "left_arm": [
            [
                0.9778795868846444,
                0.1328732302335,
                -0.16154323954171684,
                0.22568868352386867
            ],
            [
                -0.0925857127228629,
                0.967494800976131,
                0.2353331593374717,
                0.1819641030958486
            ],
            [
                0.18756172145167765,
                -0.2151708966646551,
                0.9583955790145382,
                -0.05933844277980266
            ],
            [
                0.0,
                0.0,
                0.0,
                1.0
            ]
        ],
        "right_arm": [
            [
                -0.3469659565781092,
                0.8688777919922734,
                -0.3530807380167734,
                0.19411101045132007
            ],
            [
                -0.8037541887704318,
                -0.08146660017404485,
                0.5893576139238952,
                -0.2117959634262777
            ],
            [
                0.48331545496685974,
                0.48827715043683334,
                0.7266303017019476,
                -0.031812229176806955
            ],
            [
                0.0,
                0.0,
                0.0,
                1.0
            ]
        ]
    },
    "27": {
        "left_arm": [
            [
                0.9778985083947119,
                0.13289560746678034,
                -0.16141023757938266,
                0.2256816223877294
            ],
            [
                -0.09264875910946893,
                0.9675028978999515,
                0.2352750517812542,
                0.18196665271756654
            ],
            [
                0.1874318935370204,
                -0.21512066398008262,
                0.95843225384682,
                -0.05933992141566971
            ],
            [
                0.0,
                0.0,
                0.0,
                1.0
            ]
        ],
        "right_arm": [
            [
                -0.34695340856215223,
                0.8688998180790236,
                -0.3530388624915736,
                0.19408949868831774
            ],
            [
                -0.8037841456350775,
                -0.08151247047060435,
                0.5893104142839043,
                -0.21179670464941552
            ],
            [
                0.48327464190953845,
                0.4882302974007439,
                0.7266889273872201,
                -0.03183312150954051
            ],
            [
                0.0,
                0.0,
                0.0,
                1.0
            ]
        ]
    },
    "28": {
        "left_arm": [
            [
                0.9779225068048385,
                0.13284141352705817,
                -0.16130942172320034,
                0.22566238376665282
            ],
            [
                -0.09260688745796213,
                0.967493663383592,
                0.23532950454191917,
                0.1819561375526788
            ],
            [
                0.187327347389239,
                -0.21519565554334485,
                0.9584358584461359,
                -0.059379881418868186
            ],
            [
                0.0,
                0.0,
                0.0,
                1.0
            ]
        ],
        "right_arm": [
            [
                -0.3468324477106456,
                0.8690049930449955,
                -0.3528988173370797,
                0.19406599611862752
            ],
            [
                -0.8037609831208654,
                -0.08146071385027209,
                0.5893491614582854,
                -0.21179821385967437
            ],
            [
                0.48339997437693594,
                0.4880517125898355,
                0.7267255263237328,
                -0.03186536061947108
            ],
            [
                0.0,
                0.0,
                0.0,
                1.0
            ]
        ]
    },
    "29": {
        "left_arm": [
            [
                0.9779882645848769,
                0.13274709784553768,
                -0.16098808138445642,
                0.22560425771643708
            ],
            [
                -0.09258199897304539,
                0.9674923474907813,
                0.2353447067875812,
                0.18197289617096507
            ],
            [
                0.18699606359604515,
                -0.2152597629850149,
                0.9584861535980679,
                -0.05946054440801865
            ],
            [
