{
    "0": {
        "left_arm": [
            [
                0.988164844326399,
                0.0823524405047365,
                0.12941528495621,
                -0.0854354224739055
            ],
            [
                -0.0700648042093946,
                0.9928351088587832,
                -0.09679550520797674,
                0.2470123269672805
            ],
            [
                -0.136459384611255,
                0.0865824587331757,
                0.9868547584073533,
                -0.0740786154280503
            ],
            [
                0.0,
                0.0,
                0.0,
                1.0
            ]
        ],
        "right_arm": [
            [
                0.9965322187828813,
                -0.08318679768218824,
                0.0018691225346896545,
                0.01334926763525153
            ],
            [
                0.083176463107044,
                0.9965220102730816,
                0.005055593565389226,
                -0.2230347254456296
            ],
            [
                -0.0022831803848030463,
                -0.004882594871432652,
                0.9999854735718172,
                -0.08905986041080947
            ],
            [
                0.0,
                0.0,
                0.0,
                1.0
            ]
        ]
    },
    "1": {
        "left_arm": [
            [
                0.9865758662357921,
                0.0996040508751531,
                0.1294105606600815,
                -0.08154676013421407
            ],
            [
                -0.0874461834448272,
                0.9914873956278158,
                -0.09646714110050525,
                0.24783575150683296
            ],
            [
                -0.13791745778555495,
                0.08385569366734176,
                0.9868875303080585,
                -0.07417703870656958
            ],
            [
                0.0,
                0.0,
                0.0,
                1.0
            ]
        ],
        "right_arm": [
            [
                0.9978356443032109,
                -0.0657432818044512,
                0.0013593585165843913,
                0.009646586835802915
            ],
            [
                0.06573569487799232,
                0.9978244124601221,
                0.005025964337342098,
                -0.2232278474708665
            ],
            [
                -0.0016868245029024176,
                -0.004925727986120766,
                0.999986445821594,
                -0.08905039456367603
            ],
            [
                0.0,
                0.0,
                0.0,
                1.0
            ]
        ]
    },
    "2": {
        "left_arm": [
            [
                0.9865502915860769,
                0.09999821809849893,
                0.12930150249920563,
                -0.08145906549458028
            ],
            [
                -0.08783979354860037,
                0.991444358936547,
                -0.09655181925908099,
                0.2478791973392649
            ],
            [
                -0.1378502551349337,
                0.08389540815815845,
                0.9868935442332215,
                -0.0741686183181233
            ],
            [
                0.0,
                0.0,
                0.0,
                1.0
            ]
        ],
        "right_arm": [
            [
                0.9978633592117945,
                -0.06532108444334105,
                0.0013683090656205488,
                0.009590078951495863
            ],
            [
                0.06531358447010804,
                0.997852504332944,
                0.004951290754726915,
                -0.22320199539036878
            ],
            [
                -0.0016887943093239488,
                -0.004851342455207526,
                0.9999868061380426,
                -0.08906313763502349
            ],
            [
                0.0,
                0.0,
                0.0,
                1.0
            ]
        ]
    },
    "3": {
        "left_arm": [
            [
                0.9865365356256871,
                0.10014664713336231,
                0.12929158110106487,
                -0.08143927374927619
            ],
            [
                -0.0879832300449488,
                0.991427054260542,
                -0.0965988991196174,
                0.2478855085867866
            ],
            [
                -0.1378572272553203,
                0.08392285235983245,
                0.9868902369287402,
                -0.07416570837312134
            ],
            [
                0.0,
                0.0,
                0.0,
                1.0
            ]
        ],
        "right_arm": [
            [
                0.9978707982449849,
                -0.06520905345425898,
                0.0012842731468853674,
                0.00963495099324627
            ],
            [
                0.06520197306137714,
                0.9978598357258026,
                0.004944790610097265,
                -0.22319968117109776
            ],
            [
                -0.0016039697065921288,
                -0.004850525010125357,
                0.9999869497589988,
                -0.08906369114183046
            ],
            [
                0.0,
                0.0,
                0.0,
                1.0
            ]
        ]
    },
    "4": {
        "left_arm": [
            [
                0.9865840575092967,
                0.10003245445314458,
                0.12901707454663527,
                -0.08140293161626522
            ],
            [
                -0.0878812516244233,
                0.9914286271976565,
                -0.09667555423112513,
                0.24790140861769766
            ],
            [
                -0.13758191407818585,
                0.0840403785632236,
                0.9869186550519412,
                -0.07416798569746366
            ],
            [
                0.0,
                0.0,
                0.0,
                1.0
            ]
        ],
        "right_arm": [
            [
                0.9978859645257961,
                -0.06498369241627223,
                0.0008494247280159406,
                0.009768916668502187
            ],
            [
                0.06497877610066453,
                0.9978745894139402,
                0.004905349979348807,
                -0.2231835068504921
            ],
            [
                -0.0011663871059591768,
                -0.004839785316262956,
                0.9999876079328242,
                -0.0890757465173053
            ],
            [
                0.0,
                0.0,
                0.0,
                1.0
            ]
        ]
    },
    "5": {
        "left_arm": [
            [
                0.9863388112737436,
                0.09993834554853795,
                0.1309506642370285,
                -0.08192343253725826
            ],
            [
                -0.08806214508341491,
                0.9917120168804258,
                -0.09355391054502213,
                0.24712455664610208
            ],
            [
                -0.1392149703818004,
                0.08074405652417659,
                0.9869648369408177,
                -0.0742750904861642
            ],
            [
                0.0,
                0.0,
                0.0,
                1.0
            ]
        ],
        "right_arm": [
            [
                0.9980026226351978,
                -0.0624574225283164,
                -0.009478163555557362,
                0.014866967741596643
            ],
            [
                0.06250625297185619,
                0.9980323172062098,
                0.0049459227068504715,
                -0.22324818809680305
            ],
            [
                0.009150603951918163,
                -0.005528488321700064,
                0.999942849499006,
                -0.08899486673084854
            ],
            [
                0.0,
                0.0,
                0.0,
                1.0
            ]
        ]
    },
    "6": {
        "left_arm": [
            [
                0.9864753513194385,
                0.09937055817441755,
                0.1303528803183697,
                -0.08230124566254719
            ],
            [
                -0.08826765102607086,
                0.9921695988749943,
                -0.0883646357462818,
                0.2457851998945739
            ],
            [
                -0.13811300815466412,
                0.07566359254184246,
                0.9875220593698815,
                -0.07469953642605581
            ],
            [
                0.0,
                0.0,
                0.0,
                1.0
            ]
        ],
        "right_arm": [
            [
                0.9988305638630801,
                -0.046194156555140066,
                -0.014269008133743294,
                0.015790536185245105
            ],
            [
                0.04629277922413671,
                0.9989057107091178,
                0.00666030813230456,
                -0.22451143498480247
            ],
            [
                0.013945726394381797,
                -0.0073130713705744955,
                0.9998760101644911,
                -0.08913483364550578
            ],
            [
                0.0,
                0.0,
                0.0,
                1.0
            ]
        ]
    },
    "7": {
        "left_arm": [
            [
                0.9858982412950593,
                0.10578480752612116,
                0.12966970466523964,
                -0.08068986255429789
            ],
            [
                -0.0946169240830109,
                0.9914852203360236,
                -0.08946896407300495,
                0.24638948117751833
            ],
            [
                -0.13803005284494652,
                0.07593834572788902,
                0.9875125681021646,
                -0.0746295235975386
            ],
            [
                0.0,
                0.0,
                0.0,
                1.0
            ]
        ],
        "right_arm": [
            [
                0.9990001617865572,
                -0.03249600874168895,
                -0.030703194724533256,
                0.02280226734720171
            ],
            [
                0.03272841756771841,
                0.99943908137586,
                0.007097415169604826,
                -0.22491407110110795
            ],
            [
                0.030455335065396827,
                -0.008095185880308962,
                0.9995033469336747,
                -0.08885039197139841
            ],
            [
                0.0,
                0.0,
                0.0,
                1.0
            ]
        ]
    },
    "8": {
        "left_arm": [
            [
                0.9859548220245327,
                0.11228878853935442,
                0.12362975731973422,
                -0.07808287570420623
            ],
            [
                -0.10142562251815311,
                0.9906792637010309,
                -0.09092546161328596,
                0.2470360203156027
            ],
            [
                -0.13268734688498882,
                0.07710917222450367,
                0.9881539574051577,
                -0.07491953656957537
            ],
            [
                0.0,
                0.0,
                0.0,
                1.0
            ]
        ],
        "right_arm": [
            [
                0.999320850841304,
                -0.010466589460352617,
                -0.03533111346788129,
                0.022061394907293877
            ],
            [
                0.010788387086266553,
                0.9999019305420052,
                0.008929725776765794,
                -0.22625479125560122
            ],
            [
                0.03523418479103416,
                -0.009304826889297374,
                0.9993357656056706,
                -0.08891533709156281
            ],
            [
                0.0,
                0.0,
                0.0,
                1.0
            ]
        ]
    },
    "9": {
        "left_arm": [
            [
                0.9859678113697458,
                0.11215416606938383,
                0.12364836422708832,
                -0.07814136381629747
            ],
            [
                -0.10127277013612558,
                0.9906838727443399,
                -0.0910455397767053,
                0.24704953138536628
            ],
            [
                -0.13270757691898782,
                0.07724575922053745,
                0.9881405728491944,
                -0.07487741346778198
            ],
            [
                0.0,
                0.0,
                0.0,
                1.0
            ]
        ],
        "right_arm": [
            [
                0.9986525461242933,
                -0.005063258039906126,
                -0.05164741559349764,
                0.03048751207862532
            ],
            [
                0.005542810781635127,
                0.9999428112050418,
                0.009146123112969763,
                -0.22645876187651945
            ],
            [
                0.051598152758651344,
                -0.009420070985928813,
                0.9986234990698521,
                -0.08842076843270323
            ],
            [
                0.0,
                0.0,
                0.0,
                1.0
            ]
        ]
    },
    "10": {
        "left_arm": [
            [
                0.9858991768473677,
                0.11276034951104162,
                0.12364431515371167,
                -0.0779878441026572
            ],
            [
                -0.10187695110226284,
                0.9906183510461902,
                -0.09108440813133097,
                0.2470879535999456
            ],
            [
                -0.13275503728970053,
                0.0772035371513214,
                0.9881374974797459,
                -0.07488320050770796
            ],
            [
                0.0,
                0.0,
                0.0,
                1.0
            ]
        ],
        "right_arm": [
            [
                0.9986685407828028,
                0.00924450547934569,
                -0.05075120460826377,
                0.030115265295641784
            ],
            [
                -0.008684097848522377,
                0.999898987961893,
                0.011251680645114346,
                -0.2276545781579742
            ],
            [
                0.050850094349025515,
                -0.010795971064461885,
                0.9986479434282488,
                -0.08847475151951664
            ],
            [
                0.0,
                0.0,
                0.0,
                1.0
            ]
        ]
    },
    "11": {
        "left_arm": [
            [
                0.9848155782251017,
                0.11568397663355331,
                0.1294430161708454,
                -0.07878724176942013
            ],
            [
                -0.10518670182588792,
                0.9907952778083033,
                -0.08520842230530336,
                0.24575656126333975
            ],
            [
                -0.13810877830228613,
                0.07029889773683975,
                0.9879190403736713,
                -0.07472228974642856
            ],
            [
                0.0,
                0.0,
                0.0,
                1.0
            ]
        ],
        "right_arm": [
            [
                0.9977317044615346,
                0.019176500460924093,
                -0.06452679863710234,
                0.036310721553065764
            ],
            [
                -0.018540169162998325,
                0.9997735465547493,
                0.010445943554618104,
                -0.2277227586199529
            ],
            [
                0.06471250296262981,
                -0.00922591130517943,
                0.997861300242123,
                -0.08829590992121811
            ],
            [
                0.0,
                0.0,
                0.0,
                1.0
            ]
        ]
    },
    "12": {
        "left_arm": [
            [
                0.985029720316321,
                0.11542137335577808,
                0.12804044933620223,
                -0.07885459200341853
            ],
            [
                -0.10555442174833274,
                0.9910795266605835,
                -0.08136114480271855,
                0.24476622505615692
            ],
            [
                -0.13628908299245987,
                0.06662791011955808,
                0.9884260252796738,
                -0.07505424088125363
            ],
            [
                0.0,
                0.0,
                0.0,
                1.0
            ]
        ],
        "right_arm": [
            [
                0.9966233053493886,
                0.022025455685859095,
                -0.07910035737144056,
                0.041869785535668044
            ],
            [
                -0.021328357118913815,
                0.9997259805768722,
                0.009647017270614112,
                -0.227602016612978
            ],
            [
                0.07929116228853908,
                -0.007927361568750381,
                0.9968199779907558,
                -0.08785026328785839
            ],
            [
                0.0,
                0.0,
                0.0,
                1.0
            ]
        ]
    },
    "13": {
        "left_arm": [
            [
                0.9846128977395482,
                0.11493392664760825,
                0.13163447158815206,
                -0.07987236925949089
            ],
            [
                -0.10505789694269146,
                0.9912686081449154,
                -0.07968302702847721,
                0.24432269609063084
            ],
            [
                -0.13964340261862923,
                0.06462769539295395,
                0.9880905733247773,
                -0.0744401545298005
            ],
            [
                0.0,
                0.0,
                0.0,
                1.0
            ]
        ],
        "right_arm": [
            [
                0.9964469973702035,
                0.026646065414050416,
                -0.07989598631881054,
                0.04228812910962586
            ],
            [
                -0.026136381706640913,
                0.9996308594030114,
                0.007418522796467176,
                -0.22723548464645843
            ],
            [
                0.08006416791043419,
                -0.005303972770205178,
                0.9967756000673687,
                -0.0885093818611907
            ],
            [
                0.0,
                0.0,
                0.0,
                1.0
            ]
        ]
    },
    "14": {
        "left_arm": [
            [
                0.9850147541367635,
                0.11447093259040624,
                0.12900519262717322,
                -0.07969744190650327
            ],
            [
                -0.10517970025254472,
                0.9914917310755934,
                -0.07669014189260467,
                0.24353262659826627
            ],
            [
                -0.13668637381859342,
                0.0619721937695097,
                0.9886740020915479,
                -0.0748380572541334
            ],
            [
                0.0,
                0.0,
                0.0,
                1.0
            ]
        ],
        "right_arm": [
            [
                0.9959433176300192,
                0.026952072209483497,
                -0.08585158048472702,
                0.04338458866568499
            ],
            [
                -0.02644792078117041,
                0.9996256517253774,
                0.007004562724929601,
                -0.22717205441371077
            ],
            [
                0.08600822957405718,
                -0.004705551639215662,
                0.9962833142381271,
                -0.08838041695864413
            ],
            [
                0.0,
                0.0,
                0.0,
                1.0
            ]
        ]
    },
    "15": {
        "left_arm": [
            [
                0.9851098261655804,
                0.11434066884443153,
                0.1283933091723554,
                -0.0796166839775966
            ],
            [
                -0.10507559397258476,
                0.9914962346214582,
                -0.07677458096778518,
                0.24354051952863542
            ],
            [
                -0.13607993953308659,
                0.06214039088771914,
                0.9887470970258232,
                -0.0748653617895953
            ],
            [
                0.0,
                0.0,
                0.0,
                1.0
            ]
        ],
        "right_arm": [
            [
                0.9935160733979317,
                0.02474451102598897,
                -0.11096630603043772,
                0.053341658586468575
            ],
            [
                -0.02390971945999776,
                0.9996749704409825,
                0.008847530116662028,
                -0.22660707877947212
            ],
            [
                0.11114916650744738,
                -0.006136990134075947,
                0.9937847856235243,
                -0.08718395469076998
            ],
            [
                0.0,
                0.0,
                0.0,
                1.0
            ]
        ]
    },
    "16": {
        "left_arm": [
            [
                0.9857701921384929,
                0.11403997640180365,
                0.12349903673112106,
                -0.07882121384825122
            ],
            [
                -0.10501900906683594,
                0.9914642600755628,
                -0.0772633724829324,
                0.24361592465188553
            ],
            [
                -0.13125599424734308,
                0.06319418307955707,
                0.989332279468859,
                -0.07513400019085656
            ],
            [
                0.0,
                0.0,
                0.0,
                1.0
            ]
        ],
        "right_arm": [
            [
                0.9919310612659519,
                0.02540179800457114,
                -0.12420756158115953,
                0.054978495510543346
            ],
            [
                -0.024073273641665,
                0.9996359301659296,
                0.01218542643778709,
                -0.2264756410404568
            ],
            [
                0.12447187309579663,
                -0.009097020360105151,
                0.9921814335234219,
                -0.08692317375663133
            ],
            [
                0.0,
                0.0,
                0.0,
                1.0
            ]
        ]
    },
    "17": {
        "left_arm": [
            [
                0.9857629430664002,
                0.11403226709317774,
                0.12356400017262024,
                -0.07883648520610193
            ],
            [
                -0.10500890601274823,
                0.9914664010529433,
                -0.07724962939154024,
                0.24361313265680468
            ],
            [
                -0.13131850492247815,
                0.06317450153910747,
                0.9893252410710094,
                -0.07512727817365844
            ],
            [
                0.0,
                0.0,
                0.0,
                1.0
            ]
        ],
        "right_arm": [
            [
                0.9918232764364694,
                0.025394769552915218,
                -0.12506675816611332,
                0.05511022126817481
            ],
            [
                -0.024010377370648206,
                0.9996327510359424,
                0.012564427357945659,
                -0.22648209315110338
            ],
            [
                0.1253398982660581,
                -0.009458791448613675,
                0.9920687683658758,
                -0.08691058537249391
            ],
            [
                0.0,
                0.0,
                0.0,
                1.0
            ]
        ]
    },
    "18": {
        "left_arm": [
            [
                0.9857892852322664,
                0.11394253438315073,
                0.12343655852137957,
                -0.07881582480340761
            ],
            [
                -0.10490795224810846,
                0.9914659795114789,
                -0.07739207340840583,
                0.243638568630056
            ],
            [
                -0.13120139738724626,
                0.06334280014088361,
                0.989330017230826,
                -0.07510632232609561
            ],
            [
                0.0,
                0.0,
                0.0,
                1.0
            ]
        ],
        "right_arm": [
            [
                0.9900955350757593,
                0.021735053462591726,
                -0.1387026274950256,
                0.060526666256263476
            ],
            [
                -0.020087383729853824,
                0.9997101847901527,
                0.013268136332136946,
                -0.22606108509124045
            ],
            [
                0.13895081301645962,
                -0.010350549638393637,
                0.9902451906897846,
                -0.08614134892598643
            ],
            [
                0.0,
                0.0,
                0.0,
                1.0
            ]
        ]
    },
    "19": {
        "left_arm": [
            [
                0.985799487684033,
                0.11393645071652406,
                0.12336067152873074,
                -0.0788075894714202
            ],
            [
                -0.10489488890196139,
                0.9914603896749157,
                -0.07748133961096823,
                0.2436692646947588
            ],
            [
                -0.13113516829647,
                0.06344116095868746,
                0.989332495540337,
                -0.07509241077992904
            ],
            [
                0.0,
                0.0,
                0.0,
                1.0
            ]
        ],
        "right_arm": [
            [
                0.9877987692390994,
                0.020344579245521216,
                -0.15440106730538986,
                0.06450682252701795
            ],
            [
                -0.016204847244748216,
                0.9994759184603558,
                0.028023050219458685,
                -0.23112328215827796
            ],
            [
                0.1548902657222047,
                -0.025179088806996826,
                0.9876107629381901,
                -0.08523953363974154
            ],
            [
                0.0,
                0.0,
                0.0,
                1.0
            ]
        ]
    },
    "20": {
        "left_arm": [
            [
                0.9858016537483486,
                0.11385648427654531,
                0.12341718055119508,
                -0.0788378325815029
            ],
            [
                -0.10480832021138525,
                0.9914680722377477,
                -0.07750017901677794,
                0.2436676922048452
            ],
            [
                -0.13118809199576453,
                0.06346465726173675,
                0.989323972112857,
                -0.07507993085853329
            ],
            [
                0.0,
                0.0,
                0.0,
                1.0
            ]
        ],
        "right_arm": [
            [
                0.9858667960416301,
                0.0174607620335882,
                -0.16661867317866036,
                0.06909349339862872
            ],
            [
                -0.01286411296888949,
                0.9995073720910804,
                0.02862739480123086,
                -0.23051599058890931
            ],
            [
                0.16703644829837128,
                -0.02607939655721146,
                0.9856057477587461,
                -0.0845012186573965
            ],
            [
                0.0,
                0.0,
                0.0,
                1.0
            ]
        ]
    },
    "21": {
        "left_arm": [
            [
                0.9858083374230694,
                0.1137726919431273,
                0.1234410646226707,
                -0.07887156323059111
            ],
            [
                -0.10472896904054854,
                0.9914802659318127,
                -0.07745143840811472,
                0.2436518035250535
            ],
            [
                -0.13120123822155008,
                0.06342441829292875,
                0.9893248092781941,
                -0.07508606031662701
            ],
            [
                0.0,
                0.0,
                0.0,
                1.0
            ]
        ],
        "right_arm": [
            [
                0.9841868310170342,
                0.029938659648558356,
                -0.1745851033481837,
                0.0696108726634513
            ],
            [
                -0.02418644750955671,
                0.9990951780149044,
                0.03498343928538317,
                -0.23145598601883502
            ],
            [
                0.17547449219050507,
                -0.03020764681027671,
                0.9840204269549847,
                -0.08443766735343027
            ],
            [
                0.0,
                0.0,
                0.0,
                1.0
            ]
        ]
    },
    "22": {
        "left_arm": [
            [
                0.9858321105705476,
                0.11359892609469648,
                0.12341123837864756,
                -0.07890704050869829
            ],
            [
                -0.1045537656633195,
                0.9914973650764614,
                -0.0774692528171949,
                0.2436513176577228
            ],
            [
                -0.13116234159864393,
                0.0634685673114374,
                0.989327135536974,
                -0.07508595827665462
            ],
            [
                0.0,
                0.0,
                0.0,
                1.0
            ]
        ],
        "right_arm": [
            [
                0.9809406158664824,
                0.025057980847151145,
                -0.19268525044577148,
                0.07704884865676347
            ],
            [
                -0.018647325754728328,
                0.9992129010572686,
                0.035012220765241395,
                -0.2305563925467036
            ],
            [
                0.19341092364621737,
                -0.030751844767115347,
                0.9806357828764645,
                -0.08313030968003671
            ],
            [
                0.0,
                0.0,
                0.0,
                1.0
            ]
        ]
    },
    "23": {
        "left_arm": [
            [
                0.9858299520154827,
                0.11357653404422173,
                0.123449085147086,
                -0.07891057526214437
            ],
            [
                -0.10452971261882159,
                0.9915004371234943,
                -0.07746239322242593,
                0.24364952701166417
            ],
            [
                -0.13119773202680507,
                0.06346064999998728,
                0.9893229508166692,
                -0.07508767469264907
            ],
            [
                0.0,
                0.0,
                0.0,
                1.0
            ]
        ],
        "right_arm": [
            [
                0.9807962689588926,
                0.02507067586983431,
                -0.19341701064731864,
                0.07717713546827872
            ],
            [
                -0.018588459480308718,
                0.9992053982639162,
                0.03525679018851785,
                -0.23056495427236237
            ],
            [
                0.19414723271389728,
                -0.030984404007144587,
                0.9804829517833841,
                -0.08309991985746286
            ],
            [
                0.0,
                0.0,
                0.0,
                1.0
            ]
        ]
    },
    "24": {
        "left_arm": [
            [
                0.9858371851483516,
                0.11355054114421954,
                0.12341522995412602,
                -0.07891424646987608
            ],
            [
                -0.10450533132575465,
                0.9915027578418775,
                -0.07746558536824809,
                0.24364943460635669
            ],
            [
                -0.1311627999978237,
                0.06347090512830281,
                0.98932692478216,
                -0.07508608893726491
            ],
            [
                0.0,
                0.0,
                0.0,
                1.0
            ]
        ],
        "right_arm": [
            [
                0.9774926340617479,
                0.019087661172529406,
                -0.21010428730987052,
                0.08531352891639554
            ],
            [
                -0.012337081820291924,
                0.9993661283610706,
                0.03339368049143357,
                -0.22957791722591336
            ],
            [
                0.2106085154194516,
                -0.030050002921251814,
                0.9771085152413971,
                -0.08151822858388356
            ],
            [
                0.0,
                0.0,
                0.0,
                1.0
            ]
        ]
    },
    "25": {
        "left_arm": [
            [
                0.9858345026038106,
                0.11360770515494996,
                0.12338404599186842,
                -0.07890254971623649
            ],
            [
                -0.1045689055247566,
                0.9914984534085707,
                -0.07743488158295934,
                0.24364572942231277
            ],
            [
                -0.13113228997181475,
                0.06343584332093577,
                0.9893332180357179,
                -0.07509005640769234
            ],
            [
                0.0,
                0.0,
                0.0,
                1.0
            ]
        ],
        "right_arm": [
            [
                0.9747726913627637,
                0.020954616211451504,
                -0.22221409548636903,
                0.08602338223026074
            ],
            [
                -0.012478797922185498,
                0.9991425002481861,
                0.03947839662677052,
                -0.22953087617708356
            ],
            [
                0.22285080160459728,
                -0.03570949813752806,
                0.9741983124430846,
                -0.08137212900019487
            ],
            [
                0.0,
                0.0,
                0.0,
                1.0
            ]
        ]
    },
    "26": {
        "left_arm": [
            [
                0.9858416181630911,
                0.11344287941920247,
                0.12347881197459944,
                -0.07895036977828616
            ],
            [
                -0.10439721165299996,
                0.9915166590317247,
                -0.07743343632853517,
                0.2436299811686547
            ],
            [
                -0.13121557109069387,
                0.06344626050167851,
                0.9893215078687495,
                -0.07508787812843924
            ],
            [
                0.0,
                0.0,
                0.0,
                1.0
            ]
        ],
        "right_arm": [
            [
                0.9705061871770173,
                0.01928985921623041,
                -0.24030322923869787,
                0.09244861348081765
            ],
            [
                -0.0072980945792130636,
                0.9986876163469982,
                0.05069302487190746,
                -0.23393884457929434
            ],
            [
                0.24096572052190546,
                -0.047444138590230174,
                0.969373289938809,
                -0.07947898450210296
            ],
            [
                0.0,
                0.0,
                0.0,
                1.0
            ]
        ]
    },
    "27": {
        "left_arm": [
            [
                0.9865768014544274,
                0.11305013165135648,
                0.11783837475780973,
                -0.07802953724111286
            ],
            [
                -0.1043016394816121,
                0.9914858865363186,
                -0.07795450468534383,
                0.2437114128275062
            ],
            [
                -0.1256478524822404,
                0.06461737021034245,
                0.9899682887010577,
                -0.07539408287667099
            ],
            [
                0.0,
                0.0,
                0.0,
                1.0
            ]
        ],
        "right_arm": [
            [
                0.9668990078336651,
                0.02299331259128048,
                -0.25412126283794745,
                0.09752348899662985
            ],
            [
                -0.008951637446553275,
                0.9983751874923027,
                0.05627480063700582,
                -0.23676003921233787
            ],
            [
                0.25500230751367525,
                -0.0521372474895726,
                0.9655338060300694,
                -0.07795505750427503
            ],
            [
                0.0,
                0.0,
                0.0,
                1.0
            ]
        ]
    },
    "28": {
        "left_arm": [
            [
                0.986593138136397,
                0.11303572435158424,
                0.11771535499878073,
                -0.07800750728500186
            ],
            [
                -0.10427914687952759,
                0.9914782712418012,
                -0.078081349767067,
                0.24374690817671793
            ],
            [
                -0.12553819860207588,
                0.06475926710272263,
                0.9899729279207913,
                -0.07537438530333515
            ],
            [
                0.0,
                0.0,
                0.0,
                1.0
            ]
        ],
        "right_arm": [
            [
                0.9666197951220536,
                0.02301809890949634,
                -0.25517903283928345,
                0.09771498428687592
            ],
            [
                -0.008870583558093469,
                0.9983657667038769,
                0.05645448273714849,
                -0.23672168500754218
            ],
            [
                0.256061485634873,
                -0.05230643360402965,
                0.9652442968378984,
                -0.07792603914878002
            ],
            [
                0.0,
                0.0,
                0.0,
                1.0
            ]
        ]
    },
    "29": {
        "left_arm": [
            [
                0.9865886619577388,
                0.1130554460249224,
                0.11773392977618924,
                -0.0780103672624568
            ],
            [
                -0.10429840250394763,
                0.9914766539739025,
                -0.07807616704116029,
                0.24375016410728956
